         1          6
         2          7
         3          8
         4          5
         2         12
         9         13
        10          6
         3         11
         9         17
        14         18
        15         12
        10         16
        14         22
        19         23
        20         17
        15         21
        19         27
        24         28
        25         22
        20         26
        24         32
        29         33
        30         27
        25         31
        29         37
        34         38
        35         32
        30         36
        34         42
        39         43
        40         37
        35         41
        39         47
        44         48
        45         42
        40         46
        44         52
        49         53
        50         47
        45         51
        49         57
        54         58
        55         52
        50         56
        54         62
        59         63
        60         57
        55         61
        59         67
        64         68
        65         62
        60         66
        64         72
        69         73
        70         67
        65         71
        69         77
        74         78
        75         72
        70         76
        74         82
        79         83
        80         77
        75         81
         4         86
         3         87
        84         88
        85          7
         3         90
        10         91
        89         86
        84         13
        10         93
        15         94
        92         90
        89         18
        15         96
        20         97
        95         93
        92         23
        20         99
        25        100
        98         96
        95         28
        25        102
        30        103
       101         99
        98         33
        30        105
        35        106
       104        102
       101         38
        35        108
        40        109
       107        105
       104         43
        40        111
        45        112
       110        108
       107         48
        45        114
        50        115
       113        111
       110         53
        50        117
        55        118
       116        114
       113         58
        55        120
        60        121
       119        117
       116         63
        60        123
        65        124
       122        120
       119         68
        65        126
        70        127
       125        123
       122         73
        70        129
        75        130
       128        126
       125         78
        75        132
        80        133
       131        129
       128         83
        85        136
        84        137
       134        138
       135         87
        84        140
        89        141
       139        136
       134         91
        89        143
        92        144
       142        140
       139         94
        92        146
        95        147
       145        143
       142         97
        95        149
        98        150
       148        146
       145        100
        98        152
       101        153
       151        149
       148        103
       101        155
       104        156
       154        152
       151        106
       104        158
       107        159
       157        155
       154        109
       107        161
       110        162
       160        158
       157        112
       110        164
       113        165
       163        161
       160        115
       113        167
       116        168
       166        164
       163        118
       116        170
       119        171
       169        167
       166        121
       119        173
       122        174
       172        170
       169        124
       122        176
       125        177
       175        173
       172        127
       125        179
       128        180
       178        176
       175        130
       128        182
       131        183
       181        179
       178        133
       135        186
       134        187
       184        188
       185        137
       134        190
       139        191
       189        186
       184        141
       139        193
       142        194
       192        190
       189        144
       142        196
       145        197
       195        193
       192        147
       145        199
       148        200
       198        196
       195        150
       148        202
       151        203
       201        199
       198        153
       151        205
       154        206
       204        202
       201        156
       154        208
       157        209
       207        205
       204        159
       157        211
       160        212
       210        208
       207        162
       160        214
       163        215
       213        211
       210        165
       163        217
       166        218
       216        214
       213        168
       166        220
       169        221
       219        217
       216        171
       169        223
       172        224
       222        220
       219        174
       172        226
       175        227
       225        223
       222        177
       175        229
       178        230
       228        226
       225        180
       178        232
       181        233
       231        229
       228        183
       185        236
       184        237
       234        238
       235        187
       184        240
       189        241
       239        236
       234        191
       189        243
       192        244
       242        240
       239        194
       192        246
       195        247
       245        243
       242        197
       195        249
       198        250
       248        246
       245        200
       198        252
       201        253
       251        249
       248        203
       201        255
       204        256
       254        252
       251        206
       204        258
       207        259
       257        255
       254        209
       207        261
       210        262
       260        258
       257        212
       210        264
       213        265
       263        261
       260        215
       213        267
       216        268
       266        264
       263        218
       216        270
       219        271
       269        267
       266        221
       219        273
       222        274
       272        270
       269        224
       222        276
       225        277
       275        273
       272        227
       225        279
       228        280
       278        276
       275        230
       228        282
       231        283
       281        279
       278        233
       235        286
       234        287
       284        288
       285        237
       234        290
       239        291
       289        286
       284        241
       239        293
       242        294
       292        290
       289        244
       242        296
       245        297
       295        293
       292        247
       245        299
       248        300
       298        296
       295        250
       248        302
       251        303
       301        299
       298        253
       251        305
       254        306
       304        302
       301        256
       254        308
       257        309
       307        305
       304        259
       257        311
       260        312
       310        308
       307        262
       260        314
       263        315
       313        311
       310        265
       263        317
       266        318
       316        314
       313        268
       266        320
       269        321
       319        317
       316        271
       269        323
       272        324
       322        320
       319        274
       272        326
       275        327
       325        323
       322        277
       275        329
       278        330
       328        326
       325        280
       278        332
       281        333
       331        329
       328        283
       285        336
       284        337
       334        338
       335        287
       284        340
       289        341
       339        336
       334        291
       289        343
       292        344
       342        340
       339        294
       292        346
       295        347
       345        343
       342        297
       295        349
       298        350
       348        346
       345        300
       298        352
       301        353
       351        349
       348        303
       301        355
       304        356
       354        352
       351        306
       304        358
       307        359
       357        355
       354        309
       307        361
       310        362
       360        358
       357        312
       310        364
       313        365
       363        361
       360        315
       313        367
       316        368
       366        364
       363        318
       316        370
       319        371
       369        367
       366        321
       319        373
       322        374
       372        370
       369        324
       322        376
       325        377
       375        373
       372        327
       325        379
       328        380
       378        376
       375        330
       328        382
       331        383
       381        379
       378        333
       335        386
       334        387
       384        388
       385        337
       334        390
       339        391
       389        386
       384        341
       339        393
       342        394
       392        390
       389        344
       342        396
       345        397
       395        393
       392        347
       345        399
       348        400
       398        396
       395        350
       348        402
       351        403
       401        399
       398        353
       351        405
       354        406
       404        402
       401        356
       354        408
       357        409
       407        405
       404        359
       357        411
       360        412
       410        408
       407        362
       360        414
       363        415
       413        411
       410        365
       363        417
       366        418
       416        414
       413        368
       366        420
       369        421
       419        417
       416        371
       369        423
       372        424
       422        420
       419        374
       372        426
       375        427
       425        423
       422        377
       375        429
       378        430
       428        426
       425        380
       378        432
       381        433
       431        429
       428        383
       385        436
       384        437
       434        438
       435        387
       384        440
       389        441
       439        436
       434        391
       389        443
       392        444
       442        440
       439        394
       392        446
       395        447
       445        443
       442        397
       395        449
       398        450
       448        446
       445        400
       398        452
       401        453
       451        449
       448        403
       401        455
       404        456
       454        452
       451        406
       404        458
       407        459
       457        455
       454        409
       407        461
       410        462
       460        458
       457        412
       410        464
       413        465
       463        461
       460        415
       413        467
       416        468
       466        464
       463        418
       416        470
       419        471
       469        467
       466        421
       419        473
       422        474
       472        470
       469        424
       422        476
       425        477
       475        473
       472        427
       425        479
       428        480
       478        476
       475        430
       428        482
       431        483
       481        479
       478        433
       435        486
       434        487
       484        488
       485        437
       434        490
       439        491
       489        486
       484        441
       439        493
       442        494
       492        490
       489        444
       442        496
       445        497
       495        493
       492        447
       445        499
       448        500
       498        496
       495        450
       448        502
       451        503
       501        499
       498        453
       451        505
       454        506
       504        502
       501        456
       454        508
       457        509
       507        505
       504        459
       457        511
       460        512
       510        508
       507        462
       460        514
       463        515
       513        511
       510        465
       463        517
       466        518
       516        514
       513        468
       466        520
       469        521
       519        517
       516        471
       469        523
       472        524
       522        520
       519        474
       472        526
       475        527
       525        523
       522        477
       475        529
       478        530
       528        526
       525        480
       478        532
       481        533
       531        529
       528        483
       485        536
       484        537
       534        538
       535        487
       484        540
       489        541
       539        536
       534        491
       489        543
       492        544
       542        540
       539        494
       492        546
       495        547
       545        543
       542        497
       495        549
       498        550
       548        546
       545        500
       498        552
       501        553
       551        549
       548        503
       501        555
       504        556
       554        552
       551        506
       504        558
       507        559
       557        555
       554        509
       507        561
       510        562
       560        558
       557        512
       510        564
       513        565
       563        561
       560        515
       513        567
       516        568
       566        564
       563        518
       516        570
       519        571
       569        567
       566        521
       519        573
       522        574
       572        570
       569        524
       522        576
       525        577
       575        573
       572        527
       525        579
       528        580
       578        576
       575        530
       528        582
       531        583
       581        579
       578        533
       535        586
       534        587
       584        588
       585        537
       534        590
       539        591
       589        586
       584        541
       539        593
       542        594
       592        590
       589        544
       542        596
       545        597
       595        593
       592        547
       545        599
       548        600
       598        596
       595        550
       548        602
       551        603
       601        599
       598        553
       551        605
       554        606
       604        602
       601        556
       554        608
       557        609
       607        605
       604        559
       557        611
       560        612
       610        608
       607        562
       560        614
       563        615
       613        611
       610        565
       563        617
       566        618
       616        614
       613        568
       566        620
       569        621
       619        617
       616        571
       569        623
       572        624
       622        620
       619        574
       572        626
       575        627
       625        623
       622        577
       575        629
       578        630
       628        626
       625        580
       578        632
       581        633
       631        629
       628        583
       585        636
       584        637
       634        638
       635        587
       584        640
       589        641
       639        636
       634        591
       589        643
       592        644
       642        640
       639        594
       592        646
       595        647
       645        643
       642        597
       595        649
       598        650
       648        646
       645        600
       598        652
       601        653
       651        649
       648        603
       601        655
       604        656
       654        652
       651        606
       604        658
       607        659
       657        655
       654        609
       607        661
       610        662
       660        658
       657        612
       610        664
       613        665
       663        661
       660        615
       613        667
       616        668
       666        664
       663        618
       616        670
       619        671
       669        667
       666        621
       619        673
       622        674
       672        670
       669        624
       622        676
       625        677
       675        673
       672        627
       625        679
       628        680
       678        676
       675        630
       628        682
       631        683
       681        679
       678        633
       635        686
       634        687
       684        688
       685        637
       634        690
       639        691
       689        686
       684        641
       639        693
       642        694
       692        690
       689        644
       642        696
       645        697
       695        693
       692        647
       645        699
       648        700
       698        696
       695        650
       648        702
       651        703
       701        699
       698        653
       651        705
       654        706
       704        702
       701        656
       654        708
       657        709
       707        705
       704        659
       657        711
       660        712
       710        708
       707        662
       660        714
       663        715
       713        711
       710        665
       663        717
       666        718
       716        714
       713        668
       666        720
       669        721
       719        717
       716        671
       669        723
       672        724
       722        720
       719        674
       672        726
       675        727
       725        723
       722        677
       675        729
       678        730
       728        726
       725        680
       678        732
       681        733
       731        729
       728        683
       685        736
       684        737
       734        738
       735        687
       684        740
       689        741
       739        736
       734        691
       689        743
       692        744
       742        740
       739        694
       692        746
       695        747
       745        743
       742        697
       695        749
       698        750
       748        746
       745        700
       698        752
       701        753
       751        749
       748        703
       701        755
       704        756
       754        752
       751        706
       704        758
       707        759
       757        755
       754        709
       707        761
       710        762
       760        758
       757        712
       710        764
       713        765
       763        761
       760        715
       713        767
       716        768
       766        764
       763        718
       716        770
       719        771
       769        767
       766        721
       719        773
       722        774
       772        770
       769        724
       722        776
       725        777
       775        773
       772        727
       725        779
       728        780
       778        776
       775        730
       728        782
       731        783
       781        779
       778        733
       735        786
       734        787
       784        788
       785        737
       734        790
       739        791
       789        786
       784        741
       739        793
       742        794
       792        790
       789        744
       742        796
       745        797
       795        793
       792        747
       745        799
       748        800
       798        796
       795        750
       748        802
       751        803
       801        799
       798        753
       751        805
       754        806
       804        802
       801        756
       754        808
       757        809
       807        805
       804        759
       757        811
       760        812
       810        808
       807        762
       760        814
       763        815
       813        811
       810        765
       763        817
       766        818
       816        814
       813        768
       766        820
       769        821
       819        817
       816        771
       769        823
       772        824
       822        820
       819        774
       772        826
       775        827
       825        823
       822        777
       775        829
       778        830
       828        826
       825        780
       778        832
       781        833
       831        829
       828        783
         6        834
         7        835
         8        836
         5        837
        12        835
        13        838
         6        839
        11        836
        17        838
        18        840
        12        841
        16        839
        22        840
        23        842
        17        843
        21        841
        27        842
        28        844
        22        845
        26        843
        32        844
        33        846
        27        847
        31        845
        37        846
        38        848
        32        849
        36        847
        42        848
        43        850
        37        851
        41        849
        47        850
        48        852
        42        853
        46        851
        52        852
        53        854
        47        855
        51        853
        57        854
        58        856
        52        857
        56        855
        62        856
        63        858
        57        859
        61        857
        67        858
        68        860
        62        861
        66        859
        72        860
        73        862
        67        863
        71        861
        77        862
        78        864
        72        865
        76        863
        82        864
        83        866
        77        867
        81        865
        86        837
        87        836
        88        868
         7        869
        90        836
        91        839
        86        870
        13        868
        93        839
        94        841
        90        871
        18        870
        96        841
        97        843
        93        872
        23        871
        99        843
       100        845
        96        873
        28        872
       102        845
       103        847
        99        874
        33        873
       105        847
       106        849
       102        875
        38        874
       108        849
       109        851
       105        876
        43        875
       111        851
       112        853
       108        877
        48        876
       114        853
       115        855
       111        878
        53        877
       117        855
       118        857
       114        879
        58        878
       120        857
       121        859
       117        880
        63        879
       123        859
       124        861
       120        881
        68        880
       126        861
       127        863
       123        882
        73        881
       129        863
       130        865
       126        883
        78        882
       132        865
       133        867
       129        884
        83        883
       136        869
       137        868
       138        885
        87        886
       140        868
       141        870
       136        887
        91        885
       143        870
       144        871
       140        888
        94        887
       146        871
       147        872
       143        889
        97        888
       149        872
       150        873
       146        890
       100        889
       152        873
       153        874
       149        891
       103        890
       155        874
       156        875
       152        892
       106        891
       158        875
       159        876
       155        893
       109        892
       161        876
       162        877
       158        894
       112        893
       164        877
       165        878
       161        895
       115        894
       167        878
       168        879
       164        896
       118        895
       170        879
       171        880
       167        897
       121        896
       173        880
       174        881
       170        898
       124        897
       176        881
       177        882
       173        899
       127        898
       179        882
       180        883
       176        900
       130        899
       182        883
       183        884
       179        901
       133        900
       186        886
       187        885
       188        902
       137        903
       190        885
       191        887
       186        904
       141        902
       193        887
       194        888
       190        905
       144        904
       196        888
       197        889
       193        906
       147        905
       199        889
       200        890
       196        907
       150        906
       202        890
       203        891
       199        908
       153        907
       205        891
       206        892
       202        909
       156        908
       208        892
       209        893
       205        910
       159        909
       211        893
       212        894
       208        911
       162        910
       214        894
       215        895
       211        912
       165        911
       217        895
       218        896
       214        913
       168        912
       220        896
       221        897
       217        914
       171        913
       223        897
       224        898
       220        915
       174        914
       226        898
       227        899
       223        916
       177        915
       229        899
       230        900
       226        917
       180        916
       232        900
       233        901
       229        918
       183        917
       236        903
       237        902
       238        919
       187        920
       240        902
       241        904
       236        921
       191        919
       243        904
       244        905
       240        922
       194        921
       246        905
       247        906
       243        923
       197        922
       249        906
       250        907
       246        924
       200        923
       252        907
       253        908
       249        925
       203        924
       255        908
       256        909
       252        926
       206        925
       258        909
       259        910
       255        927
       209        926
       261        910
       262        911
       258        928
       212        927
       264        911
       265        912
       261        929
       215        928
       267        912
       268        913
       264        930
       218        929
       270        913
       271        914
       267        931
       221        930
       273        914
       274        915
       270        932
       224        931
       276        915
       277        916
       273        933
       227        932
       279        916
       280        917
       276        934
       230        933
       282        917
       283        918
       279        935
       233        934
       286        920
       287        919
       288        936
       237        937
       290        919
       291        921
       286        938
       241        936
       293        921
       294        922
       290        939
       244        938
       296        922
       297        923
       293        940
       247        939
       299        923
       300        924
       296        941
       250        940
       302        924
       303        925
       299        942
       253        941
       305        925
       306        926
       302        943
       256        942
       308        926
       309        927
       305        944
       259        943
       311        927
       312        928
       308        945
       262        944
       314        928
       315        929
       311        946
       265        945
       317        929
       318        930
       314        947
       268        946
       320        930
       321        931
       317        948
       271        947
       323        931
       324        932
       320        949
       274        948
       326        932
       327        933
       323        950
       277        949
       329        933
       330        934
       326        951
       280        950
       332        934
       333        935
       329        952
       283        951
       336        937
       337        936
       338        953
       287        954
       340        936
       341        938
       336        955
       291        953
       343        938
       344        939
       340        956
       294        955
       346        939
       347        940
       343        957
       297        956
       349        940
       350        941
       346        958
       300        957
       352        941
       353        942
       349        959
       303        958
       355        942
       356        943
       352        960
       306        959
       358        943
       359        944
       355        961
       309        960
       361        944
       362        945
       358        962
       312        961
       364        945
       365        946
       361        963
       315        962
       367        946
       368        947
       364        964
       318        963
       370        947
       371        948
       367        965
       321        964
       373        948
       374        949
       370        966
       324        965
       376        949
       377        950
       373        967
       327        966
       379        950
       380        951
       376        968
       330        967
       382        951
       383        952
       379        969
       333        968
       386        954
       387        953
       388        970
       337        971
       390        953
       391        955
       386        972
       341        970
       393        955
       394        956
       390        973
       344        972
       396        956
       397        957
       393        974
       347        973
       399        957
       400        958
       396        975
       350        974
       402        958
       403        959
       399        976
       353        975
       405        959
       406        960
       402        977
       356        976
       408        960
       409        961
       405        978
       359        977
       411        961
       412        962
       408        979
       362        978
       414        962
       415        963
       411        980
       365        979
       417        963
       418        964
       414        981
       368        980
       420        964
       421        965
       417        982
       371        981
       423        965
       424        966
       420        983
       374        982
       426        966
       427        967
       423        984
       377        983
       429        967
       430        968
       426        985
       380        984
       432        968
       433        969
       429        986
       383        985
       436        971
       437        970
       438        987
       387        988
       440        970
       441        972
       436        989
       391        987
       443        972
       444        973
       440        990
       394        989
       446        973
       447        974
       443        991
       397        990
       449        974
       450        975
       446        992
       400        991
       452        975
       453        976
       449        993
       403        992
       455        976
       456        977
       452        994
       406        993
       458        977
       459        978
       455        995
       409        994
       461        978
       462        979
       458        996
       412        995
       464        979
       465        980
       461        997
       415        996
       467        980
       468        981
       464        998
       418        997
       470        981
       471        982
       467        999
       421        998
       473        982
       474        983
       470       1000
       424        999
       476        983
       477        984
       473       1001
       427       1000
       479        984
       480        985
       476       1002
       430       1001
       482        985
       483        986
       479       1003
       433       1002
       486        988
       487        987
       488       1004
       437       1005
       490        987
       491        989
       486       1006
       441       1004
       493        989
       494        990
       490       1007
       444       1006
       496        990
       497        991
       493       1008
       447       1007
       499        991
       500        992
       496       1009
       450       1008
       502        992
       503        993
       499       1010
       453       1009
       505        993
       506        994
       502       1011
       456       1010
       508        994
       509        995
       505       1012
       459       1011
       511        995
       512        996
       508       1013
       462       1012
       514        996
       515        997
       511       1014
       465       1013
       517        997
       518        998
       514       1015
       468       1014
       520        998
       521        999
       517       1016
       471       1015
       523        999
       524       1000
       520       1017
       474       1016
       526       1000
       527       1001
       523       1018
       477       1017
       529       1001
       530       1002
       526       1019
       480       1018
       532       1002
       533       1003
       529       1020
       483       1019
       536       1005
       537       1004
       538       1021
       487       1022
       540       1004
       541       1006
       536       1023
       491       1021
       543       1006
       544       1007
       540       1024
       494       1023
       546       1007
       547       1008
       543       1025
       497       1024
       549       1008
       550       1009
       546       1026
       500       1025
       552       1009
       553       1010
       549       1027
       503       1026
       555       1010
       556       1011
       552       1028
       506       1027
       558       1011
       559       1012
       555       1029
       509       1028
       561       1012
       562       1013
       558       1030
       512       1029
       564       1013
       565       1014
       561       1031
       515       1030
       567       1014
       568       1015
       564       1032
       518       1031
       570       1015
       571       1016
       567       1033
       521       1032
       573       1016
       574       1017
       570       1034
       524       1033
       576       1017
       577       1018
       573       1035
       527       1034
       579       1018
       580       1019
       576       1036
       530       1035
       582       1019
       583       1020
       579       1037
       533       1036
       586       1022
       587       1021
       588       1038
       537       1039
       590       1021
       591       1023
       586       1040
       541       1038
       593       1023
       594       1024
       590       1041
       544       1040
       596       1024
       597       1025
       593       1042
       547       1041
       599       1025
       600       1026
       596       1043
       550       1042
       602       1026
       603       1027
       599       1044
       553       1043
       605       1027
       606       1028
       602       1045
       556       1044
       608       1028
       609       1029
       605       1046
       559       1045
       611       1029
       612       1030
       608       1047
       562       1046
       614       1030
       615       1031
       611       1048
       565       1047
       617       1031
       618       1032
       614       1049
       568       1048
       620       1032
       621       1033
       617       1050
       571       1049
       623       1033
       624       1034
       620       1051
       574       1050
       626       1034
       627       1035
       623       1052
       577       1051
       629       1035
       630       1036
       626       1053
       580       1052
       632       1036
       633       1037
       629       1054
       583       1053
       636       1039
       637       1038
       638       1055
       587       1056
       640       1038
       641       1040
       636       1057
       591       1055
       643       1040
       644       1041
       640       1058
       594       1057
       646       1041
       647       1042
       643       1059
       597       1058
       649       1042
       650       1043
       646       1060
       600       1059
       652       1043
       653       1044
       649       1061
       603       1060
       655       1044
       656       1045
       652       1062
       606       1061
       658       1045
       659       1046
       655       1063
       609       1062
       661       1046
       662       1047
       658       1064
       612       1063
       664       1047
       665       1048
       661       1065
       615       1064
       667       1048
       668       1049
       664       1066
       618       1065
       670       1049
       671       1050
       667       1067
       621       1066
       673       1050
       674       1051
       670       1068
       624       1067
       676       1051
       677       1052
       673       1069
       627       1068
       679       1052
       680       1053
       676       1070
       630       1069
       682       1053
       683       1054
       679       1071
       633       1070
       686       1056
       687       1055
       688       1072
       637       1073
       690       1055
       691       1057
       686       1074
       641       1072
       693       1057
       694       1058
       690       1075
       644       1074
       696       1058
       697       1059
       693       1076
       647       1075
       699       1059
       700       1060
       696       1077
       650       1076
       702       1060
       703       1061
       699       1078
       653       1077
       705       1061
       706       1062
       702       1079
       656       1078
       708       1062
       709       1063
       705       1080
       659       1079
       711       1063
       712       1064
       708       1081
       662       1080
       714       1064
       715       1065
       711       1082
       665       1081
       717       1065
       718       1066
       714       1083
       668       1082
       720       1066
       721       1067
       717       1084
       671       1083
       723       1067
       724       1068
       720       1085
       674       1084
       726       1068
       727       1069
       723       1086
       677       1085
       729       1069
       730       1070
       726       1087
       680       1086
       732       1070
       733       1071
       729       1088
       683       1087
       736       1073
       737       1072
       738       1089
       687       1090
       740       1072
       741       1074
       736       1091
       691       1089
       743       1074
       744       1075
       740       1092
       694       1091
       746       1075
       747       1076
       743       1093
       697       1092
       749       1076
       750       1077
       746       1094
       700       1093
       752       1077
       753       1078
       749       1095
       703       1094
       755       1078
       756       1079
       752       1096
       706       1095
       758       1079
       759       1080
       755       1097
       709       1096
       761       1080
       762       1081
       758       1098
       712       1097
       764       1081
       765       1082
       761       1099
       715       1098
       767       1082
       768       1083
       764       1100
       718       1099
       770       1083
       771       1084
       767       1101
       721       1100
       773       1084
       774       1085
       770       1102
       724       1101
       776       1085
       777       1086
       773       1103
       727       1102
       779       1086
       780       1087
       776       1104
       730       1103
       782       1087
       783       1088
       779       1105
       733       1104
       786       1090
       787       1089
       788       1106
       737       1107
       790       1089
       791       1091
       786       1108
       741       1106
       793       1091
       794       1092
       790       1109
       744       1108
       796       1092
       797       1093
       793       1110
       747       1109
       799       1093
       800       1094
       796       1111
       750       1110
       802       1094
       803       1095
       799       1112
       753       1111
       805       1095
       806       1096
       802       1113
       756       1112
       808       1096
       809       1097
       805       1114
       759       1113
       811       1097
       812       1098
       808       1115
       762       1114
       814       1098
       815       1099
       811       1116
       765       1115
       817       1099
       818       1100
       814       1117
       768       1116
       820       1100
       821       1101
       817       1118
       771       1117
       823       1101
       824       1102
       820       1119
       774       1118
       826       1102
       827       1103
       823       1120
       777       1119
       829       1103
       830       1104
       826       1121
       780       1120
       832       1104
       833       1105
       829       1122
       783       1121
