     1         8.716544e+02
     2         2.204654e+03
     3         1.256442e+03
     4         1.190981e+03
     5         6.822480e+02
     6         5.787873e+01
     7         5.935823e+01
     8         7.453682e+00
     9         8.913996e+01
    10         5.300056e-01
    11         5.336601e+01
    12         1.837674e-02
    13         4.856556e-01
    14         4.803355e-05
     1         2.145450e+03
     2         1.328042e+03
     3         2.678615e+02
     4         2.033708e+02
     5         2.143498e+01
     6         2.189449e+02
     7         1.526135e+00
     8         6.661434e+02
     9         1.633034e+00
    10         6.117841e+01
    11         5.233779e-02
    12         1.481418e+01
    13         2.100657e-03
    14         2.187307e-03
     1         2.141069e+03
     2         1.323182e+03
     3         2.697637e+02
     4         2.033886e+02
     5         2.178592e+01
     6         2.158798e+02
     7         1.565849e+00
     8         6.620088e+02
     9         1.626056e+00
    10         6.410732e+01
    11         5.440751e-02
    12         1.564805e+01
    13         2.549041e-03
    14         2.343655e-03
     1         2.151232e+03
     2         1.257859e+03
     3         2.660128e+02
     4         2.067404e+02
     5         2.090777e+01
     6         2.243185e+02
     7         1.451916e+00
     8         6.629214e+02
     9         1.626382e+00
    10         5.518469e+01
    11         5.071124e-02
    12         1.347565e+01
    13         2.131778e-03
    14         1.583065e-03
     1         2.148156e+03
     2         1.243016e+03
     3         2.679265e+02
     4         2.080770e+02
     5         2.111455e+01
     6         2.237875e+02
     7         1.463486e+00
     8         6.616919e+02
     9         1.613452e+00
    10         5.584966e+01
    11         4.976909e-02
    12         1.329149e+01
    13         1.842888e-03
    14         1.615385e-03
     1         2.145607e+03
     2         1.327315e+03
     3         2.652493e+02
     4         2.032307e+02
     5         2.113334e+01
     6         2.197141e+02
     7         1.496741e+00
     8         6.641280e+02
     9         1.622158e+00
    10         5.938697e+01
    11         5.127150e-02
    12         1.420980e+01
    13         2.003294e-03
    14         1.982636e-03
     1         2.141227e+03
     2         1.322441e+03
     3         2.671252e+02
     4         2.032480e+02
     5         2.147486e+01
     6         2.166911e+02
     7         1.534488e+00
     8         6.602296e+02
     9         1.616285e+00
    10         6.217468e+01
    11         5.325071e-02
    12         1.501904e+01
    13         2.433560e-03
    14         2.137426e-03
     1         2.151398e+03
     2         1.257242e+03
     3         2.635292e+02
     4         2.065460e+02
     5         2.060368e+01
     6         2.251658e+02
     7         1.423690e+00
     8         6.605167e+02
     9         1.613913e+00
    10         5.353477e+01
    11         4.970912e-02
    12         1.288824e+01
    13         2.028917e-03
    14         1.411372e-03
     1         2.148391e+03
     2         1.269442e+03
     3         2.797857e+02
     4         2.108219e+02
     5         2.105538e+01
     6         2.283847e+02
     7         1.460202e+00
     8         6.469664e+02
     9         1.548384e+00
    10         5.385557e+01
    11         4.597086e-02
    12         1.071172e+01
    13         1.434017e-03
    14         1.168651e-03
     1         2.162901e+03
     2         1.542034e+03
     3         4.167820e+02
     4         5.299867e+02
     5         4.466379e+01
     6         1.103663e+02
     7         7.172251e+00
     8         3.051857e+02
     9         7.729251e-01
    10         7.310519e+02
    11         1.749021e+00
    12         1.327373e+01
    13         8.148830e-02
    14         3.905683e+00
    15         7.546249e-04
    16         1.498627e-03
     1         2.158378e+03
     2         1.521756e+03
     3         2.803029e+02
     4         5.820883e+02
     5         3.887843e+01
     6         2.091907e+02
     7         2.636968e+00
     8         6.340584e+02
     9         1.544343e+00
    10         1.282374e+02
    11         9.328904e-02
    12         2.395967e+01
    13         4.411033e-03
    14         2.657786e-03
     1         2.169620e+03
     2         1.460970e+03
     3         2.796440e+02
     4         5.807885e+02
     5         3.809818e+01
     6         2.081471e+02
     7         2.587183e+00
     8         6.277998e+02
     9         1.517898e+00
    10         1.250184e+02
    11         8.986407e-02
    12         2.283339e+01
    13         4.139470e-03
    14         2.440140e-03
     1         2.166635e+03
     2         1.432067e+03
     3         2.876387e+02
     4         5.863275e+02
     5         3.873068e+01
     6         2.090737e+02
     7         2.572386e+00
     8         6.280538e+02
     9         1.512210e+00
    10         1.231520e+02
    11         8.635613e-02
    12         2.222586e+01
    13         3.583027e-03
    14         2.522715e-03
     1         2.163052e+03
     2         1.535690e+03
     3         2.726825e+02
     4         5.769464e+02
     5         3.779658e+01
     6         2.071607e+02
     7         2.644850e+00
     8         6.249590e+02
     9         1.492369e+00
    10         1.309971e+02
    11         9.207332e-02
    12         2.242105e+01
    13         3.644378e-03
    14         2.170314e-03
     1         2.158530e+03
     2         1.516016e+03
     3         2.798074e+02
     4         5.826560e+02
     5         3.862240e+01
     6         2.100220e+02
     7         2.591596e+00
     8         6.345671e+02
     9         1.545475e+00
    10         1.252331e+02
    11         9.075111e-02
    12         2.369356e+01
    13         4.352735e-03
    14         2.739222e-03
     1         2.169773e+03
     2         1.455344e+03
     3         2.786913e+02
     4         5.811227e+02
     5         3.781330e+01
     6         2.092503e+02
     7         2.542305e+00
     8         6.262378e+02
     9         1.506502e+00
    10         1.216109e+02
    11         8.670348e-02
    12         2.194917e+01
    13         3.941460e-03
    14         2.344399e-03
     1         2.138580e+03
     2         1.360581e+03
     3         2.716238e+02
     4         5.835876e+02
     5         3.779371e+01
     6         2.012324e+02
     7         2.519045e+00
     8         6.234236e+02
     9         1.485197e+00
    10         1.288441e+02
    11         9.119674e-02
    12         2.570694e+01
    13         4.323501e-03
    14         3.009647e-03
     1         2.401479e+03
     2         1.512595e+03
     3         5.267252e+02
     4         5.937378e+02
     5         5.720694e+01
     6         9.605333e+01
     7         8.017378e+00
     8         2.527032e+02
     9         7.431821e-01
    10         7.777390e+02
    11         1.983016e+00
    12         1.665719e+01
    13         9.257194e-02
    14         7.865812e+00
    15         1.323639e-03
    16         5.199590e-03
     1         2.397046e+03
     2         1.503282e+03
     3         5.491255e+02
     4         5.971123e+02
     5         5.789343e+01
     6         9.661543e+01
     7         7.989228e+00
     8         2.549320e+02
     9         7.446305e-01
    10         7.791222e+02
    11         1.999190e+00
    12         1.669686e+01
    13         9.485867e-02
    14         8.149343e+00
    15         1.526771e-03
    16         5.876974e-03
     1         2.408706e+03
     2         1.440730e+03
     3         5.223515e+02
     4         5.913313e+02
     5         5.926315e+01
     6         9.758128e+01
     7         7.546460e+00
     8         2.637174e+02
     9         7.258114e-01
    10         7.582028e+02
    11         1.890604e+00
    12         1.542708e+01
    13         9.009738e-02
    14         6.737143e+00
    15         1.293631e-03
    16         4.554347e-03
     1         2.405864e+03
     2         1.422083e+03
     3         5.387973e+02
     4         5.929409e+02
     5         5.919755e+01
     6         9.950175e+01
     7         7.291157e+00
     8         2.757044e+02
     9         7.218190e-01
    10         7.465904e+02
    11         1.818449e+00
    12         1.473996e+01
    13         8.578630e-02
    14         5.904681e+00
    15         1.040468e-03
    16         3.572198e-03
     1         2.401686e+03
     2         1.506778e+03
     3         5.366786e+02
     4         5.955039e+02
     5         5.656552e+01
     6         9.625752e+01
     7         7.922479e+00
     8         2.527243e+02
     9         7.328228e-01
    10         7.767214e+02
    11         1.969638e+00
    12         1.609648e+01
    13         9.402913e-02
    14         7.574956e+00
    15         1.309837e-03
    16         5.483672e-03
     1         2.397257e+03
     2         1.497905e+03
     3         5.602450e+02
     4         5.985857e+02
     5         5.724266e+01
     6         9.680358e+01
     7         7.893068e+00
     8         2.550892e+02
     9         7.346060e-01
    10         7.765388e+02
    11         1.979006e+00
    12         1.615714e+01
    13         9.556689e-02
    14         7.794842e+00
    15         1.489706e-03
    16         5.981645e-03
     1         2.408928e+03
     2         1.434047e+03
     3         5.307270e+02
     4         5.902331e+02
     5         5.501314e+01
     6         1.018365e+02
     7         6.799092e+00
     8         2.945930e+02
     9         7.173837e-01
    10         7.073856e+02
    11         1.641058e+00
    12         1.405186e+01
    13         7.379354e-02
    14         4.673268e+00
    15         8.755974e-04
    16         1.812963e-03
     1         2.406139e+03
     2         1.438475e+03
     3         5.714292e+02
     4         5.945037e+02
     5         5.531175e+01
     6         1.133143e+02
     7         6.118761e+00
     8         3.376394e+02
     9         7.511206e-01
    10         6.545140e+02
    11         1.368822e+00
    12         1.343265e+01
    13         5.435889e-02
    14         3.096734e+00
    15         4.519895e-04
    16         3.519820e-04
     1         2.413500e+03
     2         1.725088e+03
     3         3.009919e+02
     4         5.101457e+02
     5         4.858304e+01
     6         1.028258e+02
     7         9.685133e+00
     8         2.524454e+02
     9         9.132722e-01
    10         8.562778e+02
    11         2.462654e+00
    12         2.492551e+01
    13         1.030041e-01
    14         1.587276e+01
    15         2.581039e-03
    16         5.821277e-03
     1         2.409058e+03
     2         1.703078e+03
     3         3.149200e+02
     4         5.176064e+02
     5         4.884970e+01
     6         1.047611e+02
     7         9.375681e+00
     8         2.625610e+02
     9         8.999348e-01
    10         8.636864e+02
    11         2.505789e+00
    12         2.306033e+01
    13         1.126884e-01
    14         1.533364e+01
    15         2.845420e-03
    16         9.292875e-03
     1         2.420406e+03
     2         1.638728e+03
     3         3.063116e+02
     4         5.168358e+02
     5         4.772597e+01
     6         1.059787e+02
     7         8.648993e+00
     8         2.809383e+02
     9         8.653793e-01
    10         8.418366e+02
    11         2.372055e+00
    12         1.962520e+01
    13         1.128935e-01
    14         1.151228e+01
    15         2.189177e-03
    16         9.420820e-03
     1         2.417544e+03
     2         1.607556e+03
     3         3.202112e+02
     4         5.240561e+02
     5         4.794202e+01
     6         1.086065e+02
     7         8.222833e+00
     8         2.974212e+02
     9         8.550849e-01
    10         8.365155e+02
    11         2.319981e+00
    12         1.814593e+01
    13         1.136671e-01
    14         1.008950e+01
    15         1.807938e-03
    16         9.436955e-03
     1         2.413661e+03
     2         1.716110e+03
     3         3.046356e+02
     4         5.094754e+02
     5         4.791775e+01
     6         1.042334e+02
     7         9.358596e+00
     8         2.601285e+02
     9         8.927545e-01
    10         8.562835e+02
    11         2.451154e+00
    12         2.281036e+01
    13         1.079574e-01
    14         1.432074e+01
    15         2.366974e-03
    16         7.529837e-03
     1         2.409221e+03
     2         1.694833e+03
     3         3.190089e+02
     4         5.170342e+02
     5         4.816586e+01
     6         1.063229e+02
     7         9.037511e+00
     8         2.711215e+02
     9         8.815826e-01
    10         8.612797e+02
    11         2.480725e+00
    12         2.123071e+01
    13         1.168344e-01
    14         1.377280e+01
    15         2.608809e-03
    16         1.094786e-02
     1         2.420570e+03
     2         1.630371e+03
     3         3.096655e+02
     4         5.164389e+02
     5         4.705564e+01
     6         1.075070e+02
     7         8.330498e+00
     8         2.897513e+02
     9         8.524234e-01
    10         8.347335e+02
    11         2.323970e+00
    12         1.844318e+01
    13         1.135100e-01
    14         1.038832e+01
    15         2.025094e-03
    16         9.432129e-03
     1         2.425005e+03
     2         1.597543e+03
     3         2.828627e+02
     4         5.289278e+02
     5         4.834957e+01
     6         9.913261e+01
     7         8.509680e+00
     8         2.735575e+02
     9         8.321789e-01
    10         8.057637e+02
    11         2.186715e+00
    12         2.052271e+01
    13         9.559139e-02
    14         1.063019e+01
    15         1.719278e-03
    16         6.387872e-03
     1         2.401216e+03
     2         1.463924e+03
     3         8.807231e+02
     4         4.875793e+02
     5         5.032760e+01
     6         1.564816e+02
     7         4.773193e+00
     8         4.662230e+02
     9         9.893670e-01
    10         4.131413e+02
    11         5.912389e-01
    12         2.900047e+01
    13         1.354292e-02
    14         1.225816e+00
    15         1.288360e-04
     1         2.396695e+03
     2         1.466316e+03
     3         8.945030e+02
     4         4.903302e+02
     5         5.129391e+01
     6         1.559511e+02
     7         4.928330e+00
     8         4.559314e+02
     9         9.654243e-01
    10         4.281405e+02
    11         6.398740e-01
    12         2.831462e+01
    13         1.503960e-02
    14         1.450275e+00
    15         1.841028e-04
     1         2.408441e+03
     2         1.391743e+03
     3         8.607955e+02
     4         2.608593e+02
     5         4.680978e+01
     6         1.612157e+02
     7         4.651742e+00
     8         4.780236e+02
     9         1.014045e+00
    10         3.661347e+02
    11         4.835059e-01
    12         3.091943e+01
    13         1.182203e-02
    14         7.806619e-01
    15         9.590493e-05
     1         2.405503e+03
     2         1.382350e+03
     3         8.685279e+02
     4         2.604076e+02
     5         4.760525e+01
     6         1.605605e+02
     7         4.796561e+00
     8         4.689165e+02
     9         9.834762e-01
    10         3.785691e+02
    11         5.085796e-01
    12         2.936676e+01
    13         1.158898e-02
    14         8.257037e-01
    15         8.475377e-05
     1         2.401429e+03
     2         1.463239e+03
     3         8.880758e+02
     4         4.880284e+02
     5         4.940189e+01
     6         1.574691e+02
     7         4.618481e+00
     8         4.727124e+02
     9         1.003805e+00
    10         3.976025e+02
    11         5.497348e-01
    12         2.924283e+01
    13         1.264813e-02
    14         1.056514e+00
    15         1.104715e-04
     1         2.396912e+03
     2         1.466163e+03
     3         9.021870e+02
     4         4.908751e+02
     5         5.035158e+01
     6         1.568665e+02
     7         4.769969e+00
     8         4.621272e+02
     9         9.784204e-01
    10         4.126758e+02
    11         5.966641e-01
    12         2.854124e+01
    13         1.405354e-02
    14         1.261841e+00
    15         1.595260e-04
     1         2.408669e+03
     2         1.385970e+03
     3         8.659608e+02
     4         4.827304e+02
     5         4.887771e+01
     6         1.563348e+02
     7         4.520585e+00
     8         4.698384e+02
     9         1.002506e+00
    10         3.773788e+02
    11         5.067542e-01
    12         2.901510e+01
    13         1.201303e-02
    14         8.694604e-01
    15         1.079512e-04
     1         2.405784e+03
     2         1.400524e+03
     3         8.931391e+02
     4         4.870433e+02
     5         5.159938e+01
     6         1.556491e+02
     7         4.895591e+00
     8         4.526327e+02
     9         9.558567e-01
    10         3.948922e+02
    11         5.404983e-01
    12         2.393320e+01
    13         1.129509e-02
    14         7.545848e-01
    15         7.754729e-05
     1         2.402893e+03
     2         1.510447e+03
     3         2.619957e+02
     4         5.604714e+02
     5         3.795428e+01
     6         2.193558e+02
     7         2.654057e+00
     8         7.322973e+02
     9         1.987125e+00
    10         1.457138e+02
    11         1.246532e-01
    12         4.894985e+01
    13         1.124974e-02
    14         1.371901e-02
     1         2.398458e+03
     2         1.507234e+03
     3         2.643187e+02
     4         5.626178e+02
     5         3.853707e+01
     6         2.167929e+02
     7         2.724843e+00
     8         7.242679e+02
     9         1.960543e+00
    10         1.515676e+02
    11         1.319565e-01
    12         5.004259e+01
    13         1.251112e-02
    14         1.276686e-02
     1         2.408664e+03
     2         1.431049e+03
     3         2.604904e+02
     4         5.621961e+02
     5         3.726893e+01
     6         2.233733e+02
     7         2.526622e+00
     8         7.370254e+02
     9         2.019804e+00
    10         1.324722e+02
    11         1.156064e-01
    12         4.710616e+01
    13         1.137992e-02
    14         1.446466e-02
     1         2.405537e+03
     2         1.415614e+03
     3         2.628384e+02
     4         5.653160e+02
     5         3.768266e+01
     6         2.229341e+02
     7         2.549162e+00
     8         7.347865e+02
     9         2.002786e+00
    10         1.340474e+02
    11         1.146453e-01
    12         4.638129e+01
    13         1.033964e-02
    14         1.419415e-02
     1         2.403033e+03
     2         1.510480e+03
     3         2.592221e+02
     4         5.585579e+02
     5         3.743491e+01
     6         2.200891e+02
     7         2.606816e+00
     8         7.324583e+02
     9         1.984820e+00
    10         1.421493e+02
    11         1.211785e-01
    12         4.784408e+01
    13         1.087944e-02
    14         1.370898e-02
     1         2.398599e+03
     2         1.507149e+03
     3         2.615072e+02
     4         5.606948e+02
     5         3.800588e+01
     6         2.175426e+02
     7         2.674834e+00
     8         7.246552e+02
     9         1.959372e+00
    10         1.477681e+02
    11         1.280828e-01
    12         4.895946e+01
    13         1.212373e-02
    14         1.260620e-02
     1         2.408810e+03
     2         1.431068e+03
     3         2.578032e+02
     4         5.604374e+02
     5         3.676972e+01
     6         2.241185e+02
     7         2.481673e+00
     8         7.368421e+02
     9         2.016051e+00
    10         1.292213e+02
    11         1.125929e-01
    12         4.595636e+01
    13         1.098895e-02
    14         1.436186e-02
     1         2.380513e+03
     2         1.351384e+03
     3         2.522594e+02
     4         5.561506e+02
     5         3.640014e+01
     6         2.132251e+02
     7         2.527783e+00
     8         7.201325e+02
     9         1.922232e+00
    10         1.441642e+02
    11         1.224756e-01
    12         5.262353e+01
    13         1.251680e-02
    14         1.474839e-02
     1         2.630284e+03
     2         1.601982e+03
     3         3.543415e+02
     4         2.049708e+02
     5         4.077115e+01
     6         1.358227e+02
     7         5.789674e+00
     8         3.796539e+02
     9         7.484641e-01
    10         3.967696e+02
    11         5.622066e-01
    12         1.485318e+01
    13         1.064248e-02
    14         4.861301e-01
    15         4.916521e-05
     1         2.626485e+03
     2         1.608304e+03
     3         3.600302e+02
     4         2.046445e+02
     5         4.144063e+01
     6         1.329731e+02
     7         6.098617e+00
     8         3.626634e+02
     9         7.291462e-01
    10         4.088206e+02
    11         6.035645e-01
    12         1.445798e+01
    13         1.207826e-02
    14         5.504397e-01
    15         6.765335e-05
     1         2.639019e+03
     2         1.515189e+03
     3         3.485388e+02
     4         2.076047e+02
     5         3.876894e+01
     6         1.382984e+02
     7         5.283242e+00
     8         3.834836e+02
     9         7.304141e-01
    10         3.297239e+02
    11         4.043783e-01
    12         1.270943e+01
    13         6.808528e-03
    14         1.959154e-01
    15         2.364569e-05
     1         2.636737e+03
     2         1.505813e+03
     3         8.654169e+02
     4         9.096666e+02
     5         5.477539e+01
     6         1.049773e+02
     7         9.263719e+00
     8         2.277183e+02
     9         7.691920e-01
    10         7.175936e+02
    11         1.780496e+00
    12         2.135555e+01
    13         6.383185e-02
    14         7.767186e+00
    15         1.072090e-03
    16         1.118639e-03
     1         2.631499e+03
     2         1.597185e+03
     3         3.478784e+02
     4         2.033636e+02
     5         3.994977e+01
     6         1.358869e+02
     7         5.510729e+00
     8         3.816765e+02
     9         7.373205e-01
    10         3.719573e+02
    11         4.982208e-01
    12         1.370880e+01
    13         8.938654e-03
    14         3.404069e-01
    15         3.426636e-05
     1         2.627773e+03
     2         1.602884e+03
     3         3.534662e+02
     4         2.029510e+02
     5         4.059184e+01
     6         1.330187e+02
     7         5.798568e+00
     8         3.647673e+02
     9         7.160669e-01
    10         3.827348e+02
    11         5.337065e-01
    12         1.325735e+01
    13         1.011461e-02
    14         3.814534e-01
    15         4.663751e-05
     1         2.640548e+03
     2         1.510237e+03
     3         3.426550e+02
     4         2.057191e+02
     5         3.799487e+01
     6         1.379186e+02
     7         5.031715e+00
     8         3.824680e+02
     9         7.133012e-01
    10         3.057551e+02
    11         3.521960e-01
    12         1.130988e+01
    13         5.579134e-03
    14         1.250651e-01
    15         1.508524e-05
     1         2.638406e+03
     2         1.524345e+03
     3         3.601091e+02
     4         2.090547e+02
     5         3.878333e+01
     6         1.395091e+02
     7         5.073095e+00
     8         3.762533e+02
     9         6.959179e-01
    10         2.886457e+02
    11         3.107138e-01
    12         8.982745e+00
    13         4.283628e-03
    14         6.394614e-02
     1         2.635242e+03
     2         1.727528e+03
     3         3.280315e+02
     4         5.898556e+02
     5         5.313329e+01
     6         1.810193e+02
     7         4.740419e+00
     8         6.083963e+02
     9         1.505876e+00
    10         3.586629e+02
    11         4.691912e-01
    12         5.939994e+01
    13         1.924971e-02
    14         1.090788e+00
    15         1.145560e-04
     1         2.630705e+03
     2         1.721119e+03
     3         3.365561e+02
     4         5.932610e+02
     5         5.420572e+01
     6         1.796213e+02
     7         4.876227e+00
     8         5.986043e+02
     9         1.476113e+00
    10         3.686272e+02
    11         4.988564e-01
    12         5.832483e+01
    13         2.029209e-02
    14         1.289613e+00
    15         1.624440e-04
     1         2.642356e+03
     2         1.648169e+03
     3         3.289878e+02
     4         5.923925e+02
     5         5.271618e+01
     6         1.822075e+02
     7         4.615216e+00
     8         6.103896e+02
     9         1.522862e+00
    10         3.400669e+02
    11         4.315607e-01
    12         6.055068e+01
    13         1.995000e-02
    14         9.092604e-01
    15         1.176887e-04
     1         2.639399e+03
     2         1.630385e+03
     3         3.370501e+02
     4         5.963708e+02
     5         5.346266e+01
     6         1.832995e+02
     7         4.675405e+00
     8         6.095268e+02
     9         1.512764e+00
    10         3.399329e+02
    11         4.253886e-01
    12         5.919156e+01
    13         1.841799e-02
    14         8.481229e-01
    15         9.045016e-05
     1         2.635427e+03
     2         1.722419e+03
     3         3.243126e+02
     4         5.877252e+02
     5         5.217364e+01
     6         1.822129e+02
     7         4.596006e+00
     8         6.138280e+02
     9         1.518371e+00
    10         3.446843e+02
    11         4.368228e-01
    12         5.927672e+01
    13         1.864832e-02
    14         8.961601e-01
    15         9.544530e-05
     1         2.630894e+03
     2         1.716233e+03
     3         3.328038e+02
     4         5.911678e+02
     5         5.326167e+01
     6         1.806200e+02
     7         4.733838e+00
     8         6.034797e+02
     9         1.486184e+00
    10         3.551999e+02
    11         4.665846e-01
    12         5.814736e+01
    13         1.964695e-02
    14         1.077817e+00
    15         1.367019e-04
     1         2.642553e+03
     2         1.641678e+03
     3         3.251470e+02
     4         5.904939e+02
     5         5.254064e+01
     6         1.805333e+02
     7         4.490314e+00
     8         6.072011e+02
     9         1.505070e+00
    10         3.384489e+02
    11         4.275279e-01
    12         5.932140e+01
    13         1.942207e-02
    14         8.812909e-01
    15         1.138856e-04
     1         2.697733e+03
     2         1.721295e+03
     3         3.575962e+02
     4         6.086135e+02
     5         5.552038e+01
     6         1.807786e+02
     7         5.092453e+00
     8         5.971608e+02
     9         1.476982e+00
    10         3.644049e+02
    11         4.804599e-01
    12         5.149893e+01
    13         1.667846e-02
    14         9.050600e-01
    15         9.256591e-05
     1         2.162943e+03
     2         1.452247e+03
     3         3.107430e+02
     4         5.177082e+02
     5         3.374537e+01
     6         1.518197e+02
     7         2.918668e+00
     8         5.768330e+02
     9         1.380035e+00
    10         2.829132e+02
    11         2.837442e-01
    12         3.652973e+01
    13         9.021176e-03
    14         2.414980e-01
    15         2.399727e-05
     1         2.158406e+03
     2         1.443073e+03
     3         3.155842e+02
     4         5.199364e+02
     5         3.404354e+01
     6         1.522738e+02
     7         2.929470e+00
     8         5.791693e+02
     9         1.399935e+00
    10         2.797007e+02
    11         2.837656e-01
    12         3.803376e+01
    13         1.002042e-02
    14         2.485604e-01
    15         3.017423e-05
     1         2.169680e+03
     2         1.381574e+03
     3         3.155896e+02
     4         5.151135e+02
     5         3.302337e+01
     6         1.551606e+02
     7         2.720869e+00
     8         5.929981e+02
     9         1.451916e+00
    10         2.537131e+02
    11         2.395149e-01
    12         3.885682e+01
    13         9.624711e-03
    14         1.534470e-01
    15         1.900100e-05
     1         2.166680e+03
     2         1.362765e+03
     3         3.209421e+02
     4         5.167809e+02
     5         3.316840e+01
     6         1.566804e+02
     7         2.688357e+00
     8         6.003750e+02
     9         1.476052e+00
    10         2.472059e+02
    11         2.263026e-01
    12         3.929627e+01
    13         8.956451e-03
    14         1.250640e-01
    15         1.292362e-05
     1         2.163094e+03
     2         1.449093e+03
     3         3.121032e+02
     4         5.185291e+02
     5         3.354072e+01
     6         1.525858e+02
     7         2.879185e+00
     8         5.813887e+02
     9         1.397972e+00
    10         2.741626e+02
    11         2.693347e-01
    12         3.676638e+01
    13         8.882076e-03
    14         2.075276e-01
    15         2.079949e-05
     1         2.158558e+03
     2         1.440378e+03
     3         3.171259e+02
     4         5.208822e+02
     5         3.385003e+01
     6         1.529176e+02
     7         2.894529e+00
     8         5.828583e+02
     9         1.414539e+00
    10         2.719559e+02
    11         2.709752e-01
    12         3.814834e+01
    13         9.887565e-03
    14         2.170373e-01
    15         2.655688e-05
     1         2.169832e+03
     2         1.377341e+03
     3         3.156645e+02
     4         5.158646e+02
     5         3.276015e+01
     6         1.565226e+02
     7         2.665587e+00
     8         6.004913e+02
     9         1.483220e+00
    10         2.425015e+02
    11         2.232253e-01
    12         3.934866e+01
    13         9.595386e-03
    14         1.213716e-01
    15         1.529989e-05
     1         2.166904e+03
     2         1.384962e+03
     3         3.509159e+02
     4         5.177590e+02
     5         3.422001e+01
     6         1.544492e+02
     7         2.933429e+00
     8         5.746836e+02
     9         1.375875e+00
    10         2.733270e+02
    11         2.632656e-01
    12         3.189926e+01
    13         7.536628e-03
    14         1.711389e-01
    15         1.681894e-05
     1         2.167159e+03
     2         1.554543e+03
     3         2.176666e+02
     4         5.638675e+02
     5         2.966009e+01
     6         2.757689e+02
     7         1.651145e+00
     8         7.923377e+02
     9         2.327955e+00
    10         6.004143e+01
    11         7.481169e-02
    12         2.536906e+01
    13         4.322337e-03
    14         6.639240e-03
     1         2.162744e+03
     2         1.543328e+03
     3         2.187463e+02
     4         5.649878e+02
     5         2.994225e+01
     6         2.730691e+02
     7         1.671246e+00
     8         7.905473e+02
     9         2.333546e+00
    10         6.161610e+01
    11         7.664748e-02
    12         2.659983e+01
    13         5.091890e-03
    14         7.232484e-03
     1         2.172767e+03
     2         1.468583e+03
     3         2.168700e+02
     4         5.662294e+02
     5         2.935638e+01
     6         2.800804e+02
     7         1.596847e+00
     8         7.894909e+02
     9         2.321569e+00
    10         5.640533e+01
    11         7.466152e-02
    12         2.411534e+01
    13         4.474111e-03
    14         5.279664e-03
     1         2.169652e+03
     2         1.445548e+03
     3         2.182053e+02
     4         5.685591e+02
     5         2.957821e+01
     6         2.799119e+02
     7         1.596001e+00
     8         7.907321e+02
     9         2.319582e+00
    10         5.641087e+01
    11         7.372184e-02
    12         2.391446e+01
    13         3.996807e-03
    14         5.326917e-03
     1         2.167337e+03
     2         1.551096e+03
     3         2.164380e+02
     4         5.635910e+02
     5         2.950845e+01
     6         2.749602e+02
     7         1.642763e+00
     8         7.876532e+02
     9         2.300748e+00
    10         5.987769e+01
    11         7.377355e-02
    12         2.476656e+01
    13         4.195241e-03
    14         6.355917e-03
     1         2.162922e+03
     2         1.540108e+03
     3         2.175135e+02
     4         5.647241e+02
     5         2.978755e+01
     6         2.723170e+02
     7         1.662585e+00
     8         7.859302e+02
     9         2.306675e+00
    10         6.143381e+01
    11         7.560887e-02
    12         2.597364e+01
    13         4.945125e-03
    14         6.920402e-03
     1         2.172950e+03
     2         1.465777e+03
     3         2.157071e+02
     4         5.660998e+02
     5         2.921513e+01
     6         2.793181e+02
     7         1.588717e+00
     8         7.847632e+02
     9         2.294333e+00
    10         5.623151e+01
    11         7.359857e-02
    12         2.353658e+01
    13         4.345417e-03
    14         5.055387e-03
     1         2.141614e+03
     2         1.375883e+03
     3         2.096289e+02
     4         5.616517e+02
     5         2.899926e+01
     6         2.655208e+02
     7         1.578125e+00
     8         7.890909e+02
     9         2.310515e+00
    10         6.042280e+01
    11         7.551890e-02
    12         2.921916e+01
    13         5.197347e-03
    14         8.037006e-03
     1         2.403048e+03
     2         1.566936e+03
     3         3.579504e+02
     4         1.678256e+02
     5         3.121768e+01
     6         1.453459e+02
     7         3.996695e+00
     8         4.929078e+02
     9         1.056256e+00
    10         5.658554e+02
    11         1.007583e+00
    12         3.244343e+01
    13         2.709051e-02
    14         5.272853e+00
    15         6.378895e-04
    16         2.796919e-04
     1         2.398664e+03
     2         1.558077e+03
     3         3.626757e+02
     4         1.685232e+02
     5         3.137118e+01
     6         1.450288e+02
     7         4.013069e+00
     8         4.927188e+02
     9         1.062404e+00
    10         5.646055e+02
    11         1.013526e+00
    12         3.333404e+01
    13         2.785621e-02
    14         5.521387e+00
    15         7.808470e-04
    16         3.049271e-04
     1         2.408847e+03
     2         1.483304e+03
     3         3.667441e+02
     4         1.721167e+02
     5         2.967979e+01
     6         1.546245e+02
     7         3.390613e+00
     8         5.569166e+02
     9         1.270880e+00
    10         4.453130e+02
    11         6.483872e-01
    12         4.772223e+01
    13         2.061463e-02
    14         2.909779e+00
    15         3.834096e-04
    16         3.922055e-05
     1         2.405778e+03
     2         1.462659e+03
     3         3.734232e+02
     4         1.740743e+02
     5         2.958108e+01
     6         1.567386e+02
     7         3.301290e+00
     8         5.714416e+02
     9         1.317715e+00
    10         4.258518e+02
    11         5.913286e-01
    12         5.072464e+01
    13         1.945898e-02
    14         2.433916e+00
    15         2.643634e-04
    16         1.716559e-05
     1         2.403188e+03
     2         1.564839e+03
     3         3.568262e+02
     4         1.682246e+02
     5         3.088192e+01
     6         1.459614e+02
     7         3.907415e+00
     8         4.972936e+02
     9         1.067417e+00
    10         5.511196e+02
    11         9.571375e-01
    12         3.313169e+01
    13         2.554356e-02
    14         4.877812e+00
    15         5.870295e-04
    16         2.465011e-04
     1         2.398804e+03
     2         1.556113e+03
     3         3.614418e+02
     4         1.688944e+02
     5         3.103564e+01
     6         1.456366e+02
     7         3.924583e+00
     8         4.969702e+02
     9         1.073239e+00
    10         5.501630e+02
    11         9.638331e-01
    12         3.402491e+01
    13         2.635519e-02
    14         5.117004e+00
    15         7.203341e-04
    16         2.676371e-04
     1         2.408994e+03
     2         1.481586e+03
     3         3.653452e+02
     4         1.723955e+02
     5         2.936645e+01
     6         1.551891e+02
     7         3.320970e+00
     8         5.606791e+02
     9         1.283722e+00
    10         4.332755e+02
    11         6.157574e-01
    12         4.834506e+01
    13         2.002664e-02
    14         2.634016e+00
    15         3.443908e-04
    16         2.532452e-05
     1         2.405988e+03
     2         1.488218e+03
     3         4.064755e+02
     4         1.768510e+02
     5         3.017057e+01
     6         1.579991e+02
     7         3.495161e+00
     8         5.495694e+02
     9         1.242801e+00
    10         4.595505e+02
    11         6.696983e-01
    12         4.120281e+01
    13         1.877004e-02
    14         2.694189e+00
    15         3.077835e-04
    16         6.000378e-05
     1         2.421669e+03
     2         1.799101e+03
     3         3.543383e+02
     4         5.416774e+02
     5         6.315356e+01
     6         1.185256e+02
     7         7.886326e+00
     8         3.233770e+02
     9         8.849545e-01
    10         9.460269e+02
    11         2.841767e+00
    12         1.890101e+01
    13         1.714514e-01
    14         1.627119e+01
    15         3.513016e-03
    16         4.783414e-02
     1         2.417150e+03
     2         1.771045e+03
     3         3.761126e+02
     4         5.441859e+02
     5         6.444716e+01
     6         1.208349e+02
     7         7.646712e+00
     8         3.346873e+02
     9         8.919284e-01
    10         9.366908e+02
    11         2.795954e+00
    12         1.918287e+01
    13         1.663084e-01
    14         1.646332e+01
    15         3.720125e-03
    16         4.408120e-02
     1         2.428546e+03
     2         1.698474e+03
     3         3.731991e+02
     4         5.455012e+02
     5         5.932455e+01
     6         1.261580e+02
     7         6.645600e+00
     8         3.768535e+02
     9         9.153409e-01
    10         8.651405e+02
    11         2.377804e+00
    12         2.000966e+01
    13         1.211051e-01
    14         1.346600e+01
    15         2.602676e-03
    16         1.321374e-02
     1         2.425605e+03
     2         1.660040e+03
     3         3.961462e+02
     4         5.487943e+02
     5         5.980620e+01
     6         1.302849e+02
     7         6.245961e+00
     8         4.011457e+02
     9         9.455725e-01
    10         8.307250e+02
    11         2.180095e+00
    12         2.159481e+01
    13         9.826495e-02
    14         1.271007e+01
    15         2.021307e-03
    16         5.375373e-03
     1         2.421805e+03
     2         1.788823e+03
     3         3.603886e+02
     4         5.416573e+02
     5         6.431175e+01
     6         1.193759e+02
     7         7.740319e+00
     8         3.268347e+02
     9         8.797235e-01
    10         9.374154e+02
    11         2.786130e+00
    12         1.866039e+01
    13         1.671463e-01
    14         1.561226e+01
    15         3.345171e-03
    16         4.335922e-02
     1         2.417286e+03
     2         1.761790e+03
     3         3.823828e+02
     4         5.446621e+02
     5         4.541001e+01
     6         1.272174e+02
     7         6.245668e+00
     8         4.016947e+02
     9         9.511976e-01
    10         8.098070e+02
    11         2.094266e+00
    12         2.170298e+01
    13         9.124350e-02
    14         1.164984e+01
    15         2.009685e-03
    16         3.658536e-03
     1         2.428682e+03
     2         1.689708e+03
     3         3.787557e+02
     4         5.457722e+02
     5         6.046312e+01
     6         1.270833e+02
     7         6.517410e+00
     8         3.807051e+02
     9         9.149551e-01
    10         8.528492e+02
    11         2.309211e+00
    12         2.013293e+01
    13         1.146333e-01
    14         1.299525e+01
    15         2.455206e-03
    16         1.059107e-02
     1         2.432889e+03
     2         1.645172e+03
     3         3.821758e+02
     4         5.703773e+02
     5         4.583464e+01
     6         1.270742e+02
     7         5.094536e+00
     8         4.689741e+02
     9         1.072272e+00
    10         6.538334e+02
    11         1.390395e+00
    12         3.208625e+01
    13         4.066924e-02
    14         8.428182e+00
    15         1.080236e-03
    16         4.757848e-04
     1         2.413453e+03
     2         1.583210e+03
     3         3.232679e+02
     4         5.640997e+02
     5         3.771874e+01
     6         1.182628e+02
     7         5.579391e+00
     8         3.565600e+02
     9         7.935797e-01
    10         6.048527e+02
    11         1.227729e+00
    12         1.473208e+01
    13         4.160890e-02
    14         2.460818e+00
    15         3.169966e-04
    16         9.490894e-05
     1         2.408868e+03
     2         1.578663e+03
     3         2.357492e+02
     4         5.259136e+02
     5         3.856971e+01
     6         1.235262e+02
     7         5.009111e+00
     8         3.890767e+02
     9         8.364389e-01
    10         5.013942e+02
    11         8.483524e-01
    12         1.670110e+01
    13         2.158762e-02
    14         1.444911e+00
    15         1.846159e-04
     1         2.420518e+03
     2         1.520217e+03
     3         2.888373e+02
     4         4.327885e+02
     5         3.880875e+01
     6         1.078444e+02
     7         6.478898e+00
     8         3.233987e+02
     9         7.634834e-01
    10         6.193492e+02
    11         1.310530e+00
    12         1.543789e+01
    13         4.517741e-02
    14         2.869812e+00
    15         4.331614e-04
    16         1.459596e-04
     1         2.417541e+03
     2         1.508152e+03
     3         2.883703e+02
     4         4.308277e+02
     5         3.931961e+01
     6         1.062899e+02
     7         6.697867e+00
     8         3.138174e+02
     9         7.552195e-01
    10         6.326462e+02
    11         1.358400e+00
    12         1.524220e+01
    13         4.784892e-02
    14         2.982790e+00
    15         4.027689e-04
    16         1.931984e-04
     1         2.413613e+03
     2         1.577618e+03
     3         2.288756e+02
     4         5.221924e+02
     5         3.745057e+01
     6         1.257738e+02
     7         4.755100e+00
     8         4.027024e+02
     9         8.548846e-01
    10         4.873483e+02
    11         7.928257e-01
    12         1.704053e+01
    13         1.909661e-02
    14         1.291115e+00
    15         1.365524e-04
     1         2.409029e+03
     2         1.572635e+03
     3         2.270349e+02
     4         5.230376e+02
     5         3.744540e+01
     6         1.259035e+02
     7         4.761860e+00
     8         4.019700e+02
     9         8.585776e-01
    10         4.890272e+02
    11         8.063555e-01
    12         1.743316e+01
    13         1.987478e-02
    14         1.389572e+00
    15         1.767717e-04
     1         2.420679e+03
     2         1.513401e+03
     3         2.869706e+02
     4         5.772987e+02
     5         3.866875e+01
     6         1.133989e+02
     7         5.795481e+00
     8         3.367850e+02
     9         7.646490e-01
    10         6.208389e+02
    11         1.302665e+00
    12         1.410995e+01
    13         4.785741e-02
    14         2.657181e+00
    15         4.245258e-04
    16         1.930383e-04
     1         2.417758e+03
     2         1.530407e+03
     3         3.067761e+02
     4         4.781658e+02
     5         4.049185e+01
     6         1.022751e+02
     7         7.427918e+00
     8         2.809749e+02
     9         7.516479e-01
    10         6.651739e+02
    11         1.501488e+00
    12         1.426262e+01
    13         5.788653e-02
    14         2.987245e+00
    15         4.596738e-04
    16         3.560901e-04
     1         2.420945e+03
     2         1.620273e+03
     3         2.896411e+02
     4         5.000902e+02
     5         3.288133e+01
     6         2.355363e+02
     7         2.358730e+00
     8         8.420312e+02
     9         2.689674e+00
    10         1.260253e+02
    11         1.325128e-01
    12         6.945929e+01
    13         2.009919e-02
    14         4.041365e-02
     1         2.416322e+03
     2         1.616584e+03
     3         2.973946e+02
     4         5.035040e+02
     5         3.324459e+01
     6         2.338331e+02
     7         2.399006e+00
     8         8.352931e+02
     9         2.667509e+00
    10         1.294322e+02
    11         1.368097e-01
    12         7.079105e+01
    13         2.187213e-02
    14         3.873730e-02
     1         2.427803e+03
     2         1.527487e+03
     3         2.710688e+02
     4         5.010554e+02
     5         3.215215e+01
     6         2.395893e+02
     7         2.235442e+00
     8         8.465609e+02
     9         2.734239e+00
    10         1.132258e+02
    11         1.253671e-01
    12         6.592281e+01
    13         1.946662e-02
    14         3.778066e-02
     1         2.424748e+03
     2         1.508026e+03
     3         2.733123e+02
     4         5.051419e+02
     5         3.234670e+01
     6         2.399741e+02
     7         2.235663e+00
     8         8.457750e+02
     9         2.723989e+00
    10         1.128954e+02
    11         1.232399e-01
    12         6.462404e+01
    13         1.785603e-02
    14         3.735848e-02
     1         2.421082e+03
     2         1.622100e+03
     3         2.969203e+02
     4         4.998368e+02
     5         3.268254e+01
     6         2.347011e+02
     7         2.355097e+00
     8         8.389355e+02
     9         2.668212e+00
    10         1.264945e+02
    11         1.322147e-01
    12         6.860233e+01
    13         1.974629e-02
    14         3.915438e-02
     1         2.416459e+03
     2         1.618829e+03
     3         3.048054e+02
     4         5.032578e+02
     5         3.304340e+01
     6         2.330015e+02
     7         2.394981e+00
     8         8.321820e+02
     9         2.646119e+00
    10         1.299045e+02
    11         1.365375e-01
    12         6.992314e+01
    13         2.149629e-02
    14         3.750053e-02
     1         2.427941e+03
     2         1.528122e+03
     3         2.780049e+02
     4         5.009012e+02
     5         3.189136e+01
     6         2.392169e+02
     7         2.223273e+00
     8         8.450673e+02
     9         2.722447e+00
    10         1.128013e+02
    11         1.246573e-01
    12         6.513573e+01
    13         1.914912e-02
    14         3.694383e-02
     1         2.399554e+03
     2         1.444975e+03
     3         2.754672e+02
     4         4.962683e+02
     5         3.145543e+01
     6         2.285409e+02
     7         2.220263e+00
     8         8.293975e+02
     9         2.611973e+00
    10         1.230544e+02
    11         1.287344e-01
    12         7.390945e+01
    13         2.212537e-02
    14         4.174086e-02
    15         1.034976e-05
     1         2.635316e+03
     2         1.713644e+03
     3         2.379498e+02
     4         5.918185e+02
     5         4.266298e+01
     6         1.438528e+02
     7         5.647841e+00
     8         4.440607e+02
     9         1.005864e+00
    10         5.539274e+02
    11         1.001109e+00
    12         2.888032e+01
    13         2.591950e-02
    14         4.129087e+00
    15         4.755940e-04
    16         7.770759e-05
     1         2.630764e+03
     2         1.712508e+03
     3         2.372913e+02
     4         5.941966e+02
     5         4.289514e+01
     6         1.444062e+02
     7         5.725517e+00
     8         4.415981e+02
     9         1.006373e+00
    10         5.561980e+02
    11         1.019070e+00
    12         2.924727e+01
    13         2.702130e-02
    14         4.379242e+00
    15         5.962009e-04
    16         8.486977e-05
     1         2.642448e+03
     2         1.636529e+03
     3         2.545936e+02
     4         5.892778e+02
     5         4.427449e+01
     6         1.380075e+02
     7         6.159049e+00
     8         4.089702e+02
     9         9.338365e-01
    10         5.929562e+02
    11         1.153489e+00
    12         2.576350e+01
    13         3.216042e-02
    14         4.897733e+00
    15         6.747684e-04
    16         5.726091e-05
     1         2.639475e+03
     2         1.623451e+03
     3         2.590148e+02
     4         3.294649e+02
     5         3.583371e+01
     6         1.458480e+02
     7         5.749221e+00
     8         4.491937e+02
     9         1.006095e+00
    10         5.290013e+02
    11         9.194697e-01
    12         3.076600e+01
    13         2.327547e-02
    14         3.574641e+00
    15         4.062335e-04
    16         6.077173e-05
     1         2.635504e+03
     2         1.710146e+03
     3         2.298079e+02
     4         5.921931e+02
     5         4.134510e+01
     6         1.466985e+02
     7         5.308063e+00
     8         4.623504e+02
     9         1.047400e+00
    10         5.163471e+02
    11         8.744712e-01
    12         3.095240e+01
    13         2.207992e-02
    14         3.360363e+00
    15         3.814376e-04
    16         5.942741e-05
     1         2.630955e+03
     2         1.709540e+03
     3         2.293597e+02
     4         5.946598e+02
     5         4.160668e+01
     6         1.471120e+02
     7         5.391568e+00
     8         4.591581e+02
     9         1.045631e+00
    10         5.196892e+02
    11         8.947413e-01
    12         3.122744e+01
    13         2.320541e-02
    14         3.590638e+00
    15         4.827833e-04
    16         6.529233e-05
     1         2.642648e+03
     2         1.628413e+03
     3         2.432764e+02
     4         5.879346e+02
     5         4.234995e+01
     6         1.419364e+02
     7         5.632148e+00
     8         4.356224e+02
     9         9.842565e-01
    10         5.421687e+02
    11         9.689494e-01
    12         2.816770e+01
    13         2.525862e-02
    14         3.814085e+00
    15         5.148533e-04
    16         5.728496e-05
     1         2.639723e+03
     2         1.640310e+03
     3         2.536005e+02
     4         6.176935e+02
     5         4.501389e+01
     6         1.394159e+02
     7         6.228920e+00
     8         4.033573e+02
     9         9.190881e-01
    10         5.943827e+02
    11         1.136494e+00
    12         2.231920e+01
    13         3.170441e-02
    14         3.746997e+00
    15         4.307583e-04
    16         1.791917e-05
     1         2.637604e+03
     2         1.750579e+03
     3         2.426752e+02
     4         5.361123e+02
     5         3.889125e+01
     6         2.259863e+02
     7         2.914281e+00
     8         8.493761e+02
     9         2.718418e+00
    10         1.813630e+02
    11         1.909435e-01
    12         1.252417e+02
    13         5.634043e-02
    14         7.635123e-02
    15         3.253094e-05
     1         2.633121e+03
     2         1.744063e+03
     3         2.448027e+02
     4         5.378094e+02
     5         3.942551e+01
     6         2.236457e+02
     7         2.990276e+00
     8         8.386894e+02
     9         2.670652e+00
    10         1.887131e+02
    11         2.008951e-01
    12         1.263496e+02
    13         5.897017e-02
    14         7.660064e-02
    15         2.084351e-05
     1         2.643443e+03
     2         1.658566e+03
     3         2.407601e+02
     4         5.384076e+02
     5         3.806204e+01
     6         2.321228e+02
     7         2.769056e+00
     8         8.642025e+02
     9         2.811709e+00
    10         1.622811e+02
    11         1.760982e-01
    12         1.234067e+02
    13         5.658179e-02
    14         8.314369e-02
    15         5.882692e-05
     1         2.640291e+03
     2         1.638014e+03
     3         2.427894e+02
     4         5.413477e+02
     5         3.838776e+01
     6         2.324268e+02
     7         2.790636e+00
     8         8.630729e+02
     9         2.794355e+00
    10         1.636823e+02
    11         1.747401e-01
    12         1.219491e+02
    13         5.372478e-02
    14         8.231734e-02
    15         5.502642e-05
     1         2.637731e+03
     2         1.749675e+03
     3         2.401304e+02
     4         5.344072e+02
     5         3.843619e+01
     6         2.263962e+02
     7         2.869712e+00
     8         8.497215e+02
     9         2.717858e+00
    10         1.777407e+02
    11         1.867276e-01
    12         1.233982e+02
    13         5.495390e-02
    14         7.569878e-02
    15         3.556092e-05
     1         2.633247e+03
     2         1.743146e+03
     3         2.422205e+02
     4         5.360956e+02
     5         3.896004e+01
     6         2.240767e+02
     7         2.942778e+00
     8         8.393141e+02
     9         2.671758e+00
    10         1.848019e+02
    11         1.961572e-01
    12         1.246156e+02
    13         5.764096e-02
    14         7.412531e-02
    15         2.341539e-05
     1         2.643574e+03
     2         1.657840e+03
     3         2.382844e+02
     4         5.368374e+02
     5         3.762098e+01
     6         2.325533e+02
     7         2.725612e+00
     8         8.643434e+02
     9         2.810371e+00
    10         1.589539e+02
    11         1.725195e-01
    12         1.213942e+02
    13         5.505374e-02
    14         8.309169e-02
    15         6.062507e-05
