   -1.559299880748455e-001
   -1.536613434327165e-001
   -1.546710891351637e-001
   -1.508774176952272e-001
   -1.573242871930773e-001
   -1.542778597333268e-001
   -1.550192756846371e-001
   -1.511597884141906e-001
   -1.570953627701215e-001
   -1.544806358275253e-001
   -1.539005954598878e-001
   -1.489442686269484e-001
    1.686208982880402e-001
    1.591709779955224e-001
                         0
    1.579478879527372e-001
                         0
    1.219046024486516e-001
    1.285676101342759e-001
    1.329917395718709e-001
    1.426141728355361e-001
    1.354272068509843e-001
    1.288445691685070e-001
    1.367353599446588e-001
    1.293258740459109e-001
    1.243262146527329e-001
    1.170569608198164e-001
    1.236285619721258e-001
    1.395968696915872e-002
    1.480372666991059e-002
    1.410207374524930e-002
    1.452787986279702e-002
    1.531106708588936e-002
    1.447630050279969e-002
                         0
    1.519394414508923e-002
    1.964311027004584e-002
    1.443198423066860e-002
    2.053926066180623e-002
    1.953834166134527e-002
    1.629533675261108e-001
    1.652739008127355e-001
    1.655949371278176e-001
    1.626991662470338e-001
    6.425055219618514e-001
    6.729984246796334e-001
    6.460220380844817e-001
    6.670217227890589e-001    