     1         8.716544e+02
     2         2.204654e+03
     3         1.256442e+03
     4         1.190981e+03
     5         6.822480e+02
     6         5.787873e+01
     7         5.935823e+01
     8         7.453682e+00
     9         8.913996e+01
    10         5.300056e-01
    11         5.336601e+01
    12         1.837674e-02
    13         4.856556e-01
    14         4.803355e-05
     1         2.145450e+03
     2         1.328042e+03
     3         2.678615e+02
     4         2.033708e+02
     5         2.143498e+01
     6         2.189449e+02
     7         1.526135e+00
     8         6.661434e+02
     9         1.633034e+00
    10         6.117841e+01
    11         5.233779e-02
    12         1.481418e+01
    13         2.100657e-03
    14         2.187307e-03
     1         2.141069e+03
     2         1.323182e+03
     3         2.697637e+02
     4         2.033886e+02
     5         2.178592e+01
     6         2.158798e+02
     7         1.565849e+00
     8         6.620088e+02
     9         1.626056e+00
    10         6.410732e+01
    11         5.440751e-02
    12         1.564805e+01
    13         2.549041e-03
    14         2.343655e-03
     1         2.151232e+03
     2         1.257859e+03
     3         2.660128e+02
     4         2.067404e+02
     5         2.090777e+01
     6         2.243185e+02
     7         1.451916e+00
     8         6.629214e+02
     9         1.626382e+00
    10         5.518469e+01
    11         5.071124e-02
    12         1.347565e+01
    13         2.131778e-03
    14         1.583065e-03
     1         2.148156e+03
     2         1.243016e+03
     3         2.679265e+02
     4         2.080770e+02
     5         2.111455e+01
     6         2.237875e+02
     7         1.463486e+00
     8         6.616919e+02
     9         1.613452e+00
    10         5.584966e+01
    11         4.976909e-02
    12         1.329149e+01
    13         1.842888e-03
    14         1.615385e-03
     1         2.145607e+03
     2         1.327315e+03
     3         2.652493e+02
     4         2.032307e+02
     5         2.113334e+01
     6         2.197141e+02
     7         1.496741e+00
     8         6.641280e+02
     9         1.622158e+00
    10         5.938697e+01
    11         5.127150e-02
    12         1.420980e+01
    13         2.003294e-03
    14         1.982636e-03
     1         2.141227e+03
     2         1.322441e+03
     3         2.671252e+02
     4         2.032480e+02
     5         2.147486e+01
     6         2.166911e+02
     7         1.534488e+00
     8         6.602296e+02
     9         1.616285e+00
    10         6.217468e+01
    11         5.325071e-02
    12         1.501904e+01
    13         2.433560e-03
    14         2.137426e-03
     1         2.151398e+03
     2         1.257242e+03
     3         2.635292e+02
     4         2.065460e+02
     5         2.060368e+01
     6         2.251658e+02
     7         1.423690e+00
     8         6.605167e+02
     9         1.613913e+00
    10         5.353477e+01
    11         4.970912e-02
    12         1.288824e+01
    13         2.028917e-03
    14         1.411372e-03
