     1         2.445200e+02
     2         7.206350e+02
     3         3.438172e+01
     4         3.645270e+01
     5         3.455849e+00
     6         2.455237e+01
     7         2.311233e-01
     8         5.534686e+00
     9         7.999674e-03
    10         7.812746e-03
     1         2.442098e+02
     2         7.144984e+02
     3         3.387964e+01
     4         3.620051e+01
     5         3.403191e+00
     6         2.454684e+01
     7         2.254104e-01
     8         5.475680e+00
     9         7.847844e-03
    10         7.466845e-03
     1         2.438703e+02
     2         7.003757e+02
     3         3.199534e+01
     4         3.588360e+01
     5         3.222900e+00
     6         2.428654e+01
     7         2.108686e-01
     8         5.268370e+00
     9         8.360108e-03
    10         6.891027e-03
     1         2.435683e+02
     2         6.942778e+02
     3         3.151108e+01
     4         3.564510e+01
     5         3.172108e+00
     6         2.429347e+01
     7         2.054798e-01
     8         5.209325e+00
     9         8.208512e-03
    10         6.571808e-03
     1         2.444961e+02
     2         7.111179e+02
     3         3.327869e+01
     4         3.615789e+01
     5         3.340585e+00
     6         2.447180e+01
     7         2.196580e-01
     8         5.374844e+00
     9         7.772424e-03
    10         7.058771e-03
     1         2.441894e+02
     2         7.050032e+02
     3         3.278417e+01
     4         3.591354e+01
     5         3.288517e+00
     6         2.447199e+01
     7         2.140799e-01
     8         5.315251e+00
     9         7.622933e-03
    10         6.732674e-03
     1         2.438534e+02
     2         6.909421e+02
     3         3.093389e+01
     4         3.561791e+01
     5         3.112428e+00
     6         2.422028e+01
     7         2.003097e-01
     8         5.114451e+00
     9         8.116157e-03
    10         6.221788e-03
     1         2.435549e+02
     2         6.848678e+02
     3         3.045744e+01
     4         3.538815e+01
     5         3.062241e+00
     6         2.423348e+01
     7         1.950612e-01
     8         5.054658e+00
     9         7.966451e-03
    10         5.921276e-03
     1         2.869426e+02
     2         1.098614e+03
     3         6.515900e+01
     4         5.392309e+01
     5         1.002812e+01
     6         1.483182e+01
     7         2.025867e+00
     8         4.738701e+00
     9         1.436357e-01
    10         9.615725e-02
    11         1.685591e-04
     1         2.865629e+02
     2         1.092519e+03
     3         6.477100e+01
     4         5.356420e+01
     5         1.012002e+01
     6         1.470684e+01
     7         2.074582e+00
     8         4.749770e+00
     9         1.510369e-01
    10         1.015502e-01
    11         1.879002e-04
     1         2.860770e+02
     2         1.081286e+03
     3         6.299515e+01
     4         5.404059e+01
     5         9.751819e+00
     6         1.457624e+01
     7         1.934292e+00
     8         4.656531e+00
     9         1.373655e-01
    10         9.751553e-02
    11         1.899702e-04
     1         2.857030e+02
     2         1.075045e+03
     3         6.250965e+01
     4         5.367799e+01
     5         9.830558e+00
     6         1.445399e+01
     7         1.976003e+00
     8         4.663316e+00
     9         1.437678e-01
    10         1.025612e-01
    11         2.089185e-04
     1         2.868233e+02
     2         1.088322e+03
     3         6.414167e+01
     4         5.333452e+01
     5         1.004834e+01
     6         1.480494e+01
     7         2.047421e+00
     8         4.800322e+00
     9         1.477549e-01
    10         1.015212e-01
    11         1.837482e-04
     1         2.864463e+02
     2         1.082353e+03
     3         6.384158e+01
     4         5.298521e+01
     5         1.015408e+01
     6         1.468162e+01
     7         2.100363e+00
     8         4.814183e+00
     9         1.558201e-01
    10         1.074480e-01
    11         2.059601e-04
     1         2.859625e+02
     2         1.070582e+03
     3         6.184586e+01
     4         5.342700e+01
     5         9.753048e+00
     6         1.455710e+01
     7         1.947440e+00
     8         4.714203e+00
     9         1.402726e-01
    10         1.023415e-01
    11         2.038884e-04
     1         2.855912e+02
     2         1.064464e+03
     3         6.143401e+01
     4         5.307203e+01
     5         9.843884e+00
     6         1.443682e+01
     7         1.992469e+00
     8         4.723359e+00
     9         1.471596e-01
    10         1.078181e-01
    11         2.251498e-04
     1         2.355969e+02
     2         4.932935e+02
     3         1.832784e+03
     4         1.969644e+02
     5         3.650814e+02
     6         3.621246e+01
     7         3.291081e+00
     8         7.407335e+00
     9         1.250971e-01
    10         2.224820e-01
    11         3.525589e-04
     1         2.353739e+02
     2         4.880740e+02
     3         1.827803e+03
     4         1.964012e+02
     5         3.612766e+02
     6         3.586398e+01
     7         3.303104e+00
     8         7.521564e+00
     9         1.295020e-01
    10         2.412246e-01
    11         4.058336e-04
     1         2.349727e+02
     2         5.045899e+02
     3         1.904318e+01
     4         3.879538e+01
     5         1.862048e+00
     6         1.769433e+01
     7         8.434850e-02
     8         3.130846e+00
     9         4.130603e-03
    10         2.402588e-03
     1         2.347577e+02
     2         5.015915e+02
     3         7.276835e+02
     4         1.212019e+02
     5         1.187779e+01
     6         2.272761e+01
     7         1.524791e+00
     8         3.003393e+01
     9         9.289876e-02
    10         1.275454e+01
    11         1.452814e-02
    12         2.782251e-02
    13         3.189932e-05
     1         2.356469e+02
     2         4.839093e+02
     3         1.820480e+03
     4         1.951868e+02
     5         3.605795e+02
     6         3.579171e+01
     7         3.266580e+00
     8         7.491971e+00
     9         1.277456e-01
    10         2.389226e-01
    11         3.968904e-04
     1         2.354273e+02
     2         4.787163e+02
     3         1.815148e+03
     4         1.945740e+02
     5         3.568308e+02
     6         3.545198e+01
     7         3.277790e+00
     8         7.607393e+00
     9         1.321883e-01
    10         2.590661e-01
    11         4.563729e-04
     1         2.350298e+02
     2         4.953690e+02
     3         7.268211e+02
     4         1.209374e+02
     5         1.180170e+01
     6         2.269361e+01
     7         1.516441e+00
     8         2.997362e+01
     9         9.295695e-02
    10         1.269881e+01
    11         1.452204e-02
    12         2.781022e-02
    13         3.179680e-05
     1         2.348175e+02
     2         4.797877e+02
     3         2.524849e+03
     4         5.146592e+02
     5         4.475708e+02
     6         1.387421e+02
     7         7.943704e+00
     8         4.508300e+01
     9         7.731913e-01
    10         9.975971e+00
    11         3.258134e-02
    12         1.178536e-01
    13         1.450927e-04
     1         2.768924e+02
     2         8.619565e+02
     3         5.590231e+01
     4         4.993364e+01
     5         6.197049e+00
     6         2.213937e+01
     7         4.727017e-01
     8         5.389597e+00
     9         1.356422e-02
    10         1.399448e-02
    11         1.367748e-05
     1         2.765808e+02
     2         8.562586e+02
     3         5.520389e+01
     4         4.969003e+01
     5         6.119360e+00
     6         2.218928e+01
     7         4.644316e-01
     8         5.397813e+00
     9         1.336851e-02
    10         1.388465e-02
    11         1.374440e-05
     1         2.761386e+02
     2         8.495959e+02
     3         5.970121e+01
     4         5.258715e+01
     5         6.719505e+00
     6         2.179389e+01
     7         5.380997e-01
     8         5.884064e+00
     9         1.750845e-02
    10         2.087055e-02
    11         2.443606e-05
     1         2.758332e+02
     2         8.439752e+02
     3         5.908117e+01
     4         5.239714e+01
     5         6.648902e+00
     6         2.183623e+01
     7         5.301850e-01
     8         5.901970e+00
     9         1.731259e-02
    10         2.084731e-02
    11         2.464265e-05
     1         2.768329e+02
     2         8.522492e+02
     3         5.406762e+01
     4         4.941710e+01
     5         5.956270e+00
     6         2.231377e+01
     7         4.444556e-01
     8         5.296875e+00
     9         1.265138e-02
    10         1.255128e-02
    11         1.232442e-05
     1         2.765242e+02
     2         8.465672e+02
     3         5.337080e+01
     4         4.917621e+01
     5         5.879685e+00
     6         2.236583e+01
     7         4.365022e-01
     8         5.304038e+00
     9         1.247398e-02
    10         1.244262e-02
    11         1.236787e-05
     1         2.760842e+02
     2         8.398270e+02
     3         5.771271e+01
     4         5.204896e+01
     5         6.444584e+00
     6         2.199615e+01
     7         5.040829e-01
     8         5.788492e+00
     9         1.624368e-02
    10         1.864319e-02
    11         2.193504e-05
     1         2.757817e+02
     2         8.342209e+02
     3         5.708902e+01
     4         5.185983e+01
     5         6.374368e+00
     6         2.204099e+01
     7         4.964440e-01
     8         5.805254e+00
     9         1.606736e-02
    10         1.860717e-02
    11         2.209310e-05
     1         2.352795e+02
     2         4.981059e+02
     3         1.007826e+02
     4         2.904370e+01
     5         2.030928e+01
     6         4.015341e+00
     7         1.456934e+01
     8         6.878605e-01
     9         1.129787e+01
    10         3.725428e-02
    11         5.378038e-01
    12         5.906963e-04
     1         2.350493e+02
     2         4.915717e+02
     3         9.973431e+01
     4         2.872565e+01
     5         2.200141e+01
     6         3.730418e+00
     7         1.586601e+01
     8         5.596347e-01
     9         1.183638e+01
    10         2.868085e-02
    11         3.946998e-01
    12         4.144003e-04
     1         2.346322e+02
     2         1.865828e+03
     3         1.820883e+02
     4         1.035118e+03
     5         1.660368e+03
     6         3.111321e+02
     7         1.756219e+01
     8         1.405368e+02
     9         2.158138e+00
    10         6.795461e+01
    11         1.041548e-01
    12         1.414955e+01
    13         1.323545e-02
    14         1.194412e-02
    15         1.258990e-05
     1         2.344088e+02
     2         1.907539e+03
     3         1.818932e+02
     4         1.016956e+03
     5         1.608303e+03
     6         2.858929e+02
     7         1.691798e+01
     8         1.411304e+02
     9         2.125058e+00
    10         6.336374e+01
    11         1.019675e-01
    12         1.305504e+01
    13         1.266798e-02
    14         1.018095e-02
    15         1.099569e-05
     1         2.353350e+02
     2         4.874887e+02
     3         9.586129e+01
     4         2.828809e+01
     5         2.218750e+01
     6         3.539677e+00
     7         1.643902e+01
     8         4.918355e-01
     9         1.176381e+01
    10         2.521684e-02
    11         3.136911e-01
    12         3.295060e-04
     1         2.351084e+02
     2         4.810002e+02
     3         9.488090e+01
     4         2.796278e+01
     5         2.401362e+01
     6         3.310088e+00
     7         1.771279e+01
     8         4.080996e-01
     9         1.197557e+01
    10         2.137819e-02
    11         2.289590e-01
    12         2.362611e-04
     1         2.346929e+02
     2         1.950646e+03
     3         1.837142e+02
     4         1.004445e+03
     5         1.578837e+03
     6         2.722625e+02
     7         1.627840e+01
     8         1.400354e+02
     9         2.032848e+00
    10         6.181800e+01
    11         9.551914e-02
    12         1.197055e+01
    13         1.123865e-02
    14         8.140372e-03
     1         2.344731e+02
     2         2.004060e+03
     3         1.850960e+02
     4         9.834928e+02
     5         1.506520e+03
     6         2.404597e+02
     7         1.555589e+01
     8         1.402025e+02
     9         2.002340e+00
    10         5.541815e+01
    11         9.210032e-02
    12         1.073045e+01
    13         1.039421e-02
    14         6.387406e-03
     1         2.742465e+02
     2         7.720666e+02
     3         6.873445e+02
     4         5.919192e+01
     5         4.704681e+00
     6         3.483516e+01
     7         3.073915e-01
     8         1.317274e+01
     9         1.587962e-02
    10         4.610330e-02
    11         4.584483e-05
     1         2.739600e+02
     2         7.658436e+02
     3         6.903424e+02
     4         5.917712e+01
     5         4.687123e+00
     6         3.463625e+01
     7         3.067322e-01
     8         1.319094e+01
     9         1.599330e-02
    10         4.690524e-02
    11         4.718985e-05
     1         2.736468e+02
     2         7.514922e+02
     3         6.813866e+02
     4         5.795042e+01
     5         4.558384e+00
     6         3.454721e+01
     7         2.997911e-01
     8         1.338241e+01
     9         1.836301e-02
    10         4.969945e-02
    11         6.008260e-05
     1         2.733676e+02
     2         7.453093e+02
     3         6.841420e+02
     4         5.792529e+01
     5         4.543246e+00
     6         3.435375e+01
     7         2.993020e-01
     8         1.341504e+01
     9         1.849860e-02
    10         5.069198e-02
    11         6.186643e-05
     1         2.742376e+02
     2         7.623109e+02
     3         6.852244e+02
     4         5.870766e+01
     5         4.605579e+00
     6         3.478484e+01
     7         2.984462e-01
     8         1.307837e+01
     9         1.587495e-02
    10         4.456139e-02
    11         4.462448e-05
     1         2.739541e+02
     2         7.561081e+02
     3         6.881294e+02
     4         5.869031e+01
     5         4.588705e+00
     6         3.458895e+01
     7         2.978214e-01
     8         1.310093e+01
     9         1.599094e-02
    10         4.536720e-02
    11         4.596568e-05
     1         2.736440e+02
     2         7.418165e+02
     3         6.788612e+02
     4         5.745541e+01
     5         4.461510e+00
     6         3.451648e+01
     7         2.911383e-01
     8         1.330516e+01
     9         1.834122e-02
    10         4.818874e-02
    11         5.855274e-05
     1         2.733661e+02
     2         7.748115e+02
     3         2.600053e+03
     4         1.347207e+03
     5         9.026004e+02
     6         5.677714e+01
     7         1.338202e+01
     8         9.852888e+00
     9         3.489804e+00
    10         5.164857e+00
    11         7.048405e-01
    12         8.442998e-01
    13         1.950511e-02
    14         9.788209e-04
     1         2.282402e+02
     2         9.214844e+02
     3         6.037140e+02
     4         2.204982e+02
     5         5.845195e+01
     6         1.172857e+01
     7         5.606215e+00
     8         1.570537e+00
     9         7.519383e-01
    10         7.841518e-02
    11         1.476835e-02
    12         9.900458e-05
     1         2.280863e+02
     2         9.495116e+02
     3         5.842072e+02
     4         2.112467e+02
     5         5.676351e+01
     6         1.075850e+01
     7         5.379749e+00
     8         1.518728e+00
     9         8.231391e-01
    10         9.391590e-02
    11         2.952386e-02
    12         3.062346e-04
     1         2.274261e+02
     2         1.268133e+03
     3         1.624868e+02
     4         4.220082e+02
     5         1.653925e+02
     6         8.867536e+00
     7         7.789679e+00
     8         1.200995e+00
     9         5.298561e+00
    10         1.526213e-01
    11         2.790646e+00
    12         7.581740e-03
    13         3.808815e-02
    14         5.238130e-05
     1         2.272688e+02
     2         1.372950e+03
     3         1.640324e+02
     4         4.054449e+02
     5         1.475876e+02
     6         8.314757e+00
     7         8.189817e+00
     8         1.122598e+00
     9         5.259929e+00
    10         1.407212e-01
    11         2.859733e+00
    12         7.309808e-03
    13         4.147048e-02
    14         6.047844e-05
     1         2.283343e+02
     2         9.574426e+02
     3         5.734440e+02
     4         2.076527e+02
     5         5.621085e+01
     6         1.031543e+01
     7         5.320261e+00
     8         1.490271e+00
     9         8.776752e-01
    10         1.009234e-01
    11         3.905715e-02
    12         4.465382e-04
     1         2.281800e+02
     2         9.943345e+02
     3         5.482835e+02
     4         4.502222e+02
     5         4.752955e+01
     6         9.446257e+00
     7         4.860531e+00
     8         1.808632e+00
     9         1.302074e+00
    10         3.971094e-01
    11         2.933454e-01
    12         3.514467e-02
    13         4.469576e-03
    14         1.443879e-05
     1         2.275103e+02
     2         1.408076e+03
     3         1.592063e+02
     4         3.826102e+02
     5         1.406827e+02
     6         7.629298e+00
     7         8.115073e+00
     8         1.025999e+00
     9         5.346383e+00
    10         1.228055e-01
    11         3.036227e+00
    12         6.649212e-03
    13         4.150233e-02
    14         5.898976e-05
     1         2.273515e+02
     2         1.570376e+03
     3         1.674826e+02
     4         3.609290e+02
     5         1.348370e+02
     6         8.708223e+00
     7         7.121180e+00
     8         9.499890e-01
     9         6.550956e+00
    10         8.508383e-02
    11         3.936055e+00
    12         6.385920e-03
    13         3.634584e-02
    14         5.114784e-05
     1         2.658557e+02
     2         5.655050e+02
     3         8.503435e+02
     4         1.451774e+02
     5         1.772628e+01
     6         2.741981e+01
     7         2.681426e+00
     8         3.440578e+01
     9         1.813770e-01
    10         2.273743e+01
    11         2.231276e-02
    12         1.193702e-01
    13         1.130263e-04
     1         2.656458e+02
     2         5.608036e+02
     3         8.484957e+02
     4         1.445535e+02
     5         1.774429e+01
     6         2.738064e+01
     7         2.691457e+00
     8         3.438857e+01
     9         1.821681e-01
    10         2.321656e+01
    11         2.279288e-02
    12         1.257965e-01
    13         1.200349e-04
     1         2.652908e+02
     2         5.862311e+02
     3         7.994292e+02
     4         1.363132e+02
     5         1.540442e+01
     6         2.660131e+01
     7         2.357938e+00
     8         3.600473e+01
     9         1.523534e-01
    10         2.148561e+01
    11         2.461361e-02
    12         8.886963e-02
    13         1.031505e-04
     1         2.650889e+02
     2         5.836434e+02
     3         7.985840e+02
     4         1.358456e+02
     5         1.547869e+01
     6         2.659722e+01
     7         2.386880e+00
     8         3.595223e+01
     9         1.547204e-01
    10         2.216680e+01
    11         2.542274e-02
    12         9.672612e-02
    13         1.131834e-04
     1         2.659107e+02
     2         5.563216e+02
     3         8.461444e+02
     4         1.440139e+02
     5         1.754660e+01
     6         2.731957e+01
     7         2.653787e+00
     8         3.442889e+01
     9         1.796508e-01
    10         2.297105e+01
    11         2.279682e-02
    12         1.215225e-01
    13         1.158235e-04
     1         2.657038e+02
     2         5.517202e+02
     3         8.443351e+02
     4         1.433873e+02
     5         1.757249e+01
     6         2.728161e+01
     7         2.666251e+00
     8         3.439530e+01
     9         1.807014e-01
    10         2.348515e+01
    11         2.332092e-02
    12         1.286850e-01
    13         1.236256e-04
     1         2.653532e+02
     2         5.785553e+02
     3         7.985605e+02
     4         1.356120e+02
     5         1.542230e+01
     6         2.658016e+01
     7         2.383000e+00
     8         3.594231e+01
     9         1.555678e-01
    10         2.231132e+01
    11         2.576491e-02
    12         9.884796e-02
    13         1.156038e-04
     1         2.651544e+02
     2         5.764118e+02
     3         7.979274e+02
     4         1.351640e+02
     5         1.551228e+01
     6         2.658746e+01
     7         2.415754e+00
     8         3.586462e+01
     9         1.583340e-01
    10         2.305653e+01
    11         2.666170e-02
    12         1.082479e-01
    13         1.276954e-04
     1         2.830590e+02
     2         1.139742e+03
     3         1.605932e+02
     4         6.174531e+01
     5         1.769981e+02
     6         9.559367e+00
     7         1.672139e+01
     8         2.087182e+00
     9         6.907956e+00
    10         1.605386e-01
    11         1.858086e-01
    12         3.119146e-04
     1         2.826645e+02
     2         1.132202e+03
     3         1.596448e+02
     4         6.117358e+01
     5         1.794267e+02
     6         9.530415e+00
     7         1.648802e+01
     8         2.096597e+00
     9         6.807639e+00
    10         1.630899e-01
    11         1.854401e-01
    12         3.176447e-04
     1         2.821914e+02
     2         1.116292e+03
     3         1.530949e+02
     4         6.014768e+01
     5         1.757005e+02
     6         9.082137e+00
     7         1.655501e+01
     8         1.935503e+00
     9         6.699363e+00
    10         1.426234e-01
    11         1.594186e-01
    12         2.761895e-04
     1         2.818024e+02
     2         1.108793e+03
     3         1.520804e+02
     4         5.957544e+01
     5         1.781378e+02
     6         9.057225e+00
     7         1.631612e+01
     8         1.945939e+00
     9         6.602172e+00
    10         1.450979e-01
    11         1.594100e-01
    12         2.808914e-04
     1         2.829499e+02
     2         1.127802e+03
     3         1.556641e+02
     4         6.095883e+01
     5         1.794179e+02
     6         9.411952e+00
     7         1.637274e+01
     8         2.059260e+00
     9         6.715929e+00
    10         1.586669e-01
    11         1.796730e-01
    12         3.088828e-04
     1         2.825583e+02
     2         1.120299e+03
     3         1.546725e+02
     4         6.038966e+01
     5         1.818506e+02
     6         9.388308e+00
     7         1.613171e+01
     8         2.070977e+00
     9         6.612837e+00
    10         1.615362e-01
    11         1.794450e-01
    12         3.153497e-04
     1         2.820867e+02
     2         1.104408e+03
     3         1.480427e+02
     4         5.937274e+01
     5         1.781252e+02
     6         8.939681e+00
     7         1.620076e+01
     8         1.910040e+00
     9         6.508586e+00
    10         1.410390e-01
    11         1.540719e-01
    12         2.726801e-04
     1         2.817007e+02
     2         1.096945e+03
     3         1.469822e+02
     4         5.880329e+01
     5         1.805669e+02
     6         8.920110e+00
     7         1.595423e+01
     8         1.922708e+00
     9         6.408770e+00
    10         1.438044e-01
    11         1.541879e-01
    12         2.779685e-04
     1         3.217464e+02
     2         1.456960e+03
     3         1.081468e+02
     4         7.864719e+01
     5         1.217275e+01
     6         4.063789e+01
     7         1.209412e+00
     8         1.722350e+01
     9         4.980477e-02
    10         1.704664e-01
    11         1.661133e-04
     1         3.213214e+02
     2         1.449712e+03
     3         1.073573e+02
     4         7.815580e+01
     5         1.207105e+01
     6         4.059095e+01
     7         1.192657e+00
     8         1.711526e+01
     9         4.905646e-02
    10         1.659720e-01
    11         1.629139e-04
     1         3.208890e+02
     2         1.435363e+03
     3         1.046982e+02
     4         7.782495e+01
     5         1.177470e+01
     6         4.049314e+01
     7         1.149929e+00
     8         1.694258e+01
     9         4.924303e-02
    10         1.598290e-01
    11         1.860590e-04
     1         3.204700e+02
     2         1.428139e+03
     3         1.039191e+02
     4         7.733819e+01
     5         1.167388e+01
     6         4.045542e+01
     7         1.133372e+00
     8         1.683435e+01
     9         4.850829e-02
    10         1.554269e-01
    11         1.819790e-04
     1         3.215939e+02
     2         1.445713e+03
     3         1.063095e+02
     4         7.806611e+01
     5         1.195525e+01
     6         4.055362e+01
     7         1.175473e+00
     8         1.699034e+01
     9         4.843726e-02
    10         1.615783e-01
    11         1.601993e-04
     1         3.211714e+02
     2         1.438503e+03
     3         1.055254e+02
     4         7.758161e+01
     5         1.185433e+01
     6         4.051218e+01
     7         1.158899e+00
     8         1.688374e+01
     9         4.770477e-02
    10         1.572433e-01
    11         1.569858e-04
     1         3.207415e+02
     2         1.424193e+03
     3         1.028845e+02
     4         7.726018e+01
     5         1.156083e+01
     6         4.041693e+01
     7         1.117146e+00
     8         1.671234e+01
     9         4.793649e-02
    10         1.514073e-01
    11         1.784601e-04
     1         3.203250e+02
     2         1.417008e+03
     3         1.021110e+02
     4         7.678072e+01
     5         1.146080e+01
     6         4.038507e+01
     7         1.100773e+00
     8         1.660568e+01
     9         4.721742e-02
    10         1.471612e-01
    11         1.744218e-04
     1         2.708783e+02
     2         7.796419e+02
     3         3.845109e+01
     4         4.112988e+01
     5         4.032676e+00
     6         2.958269e+01
     7         2.896850e-01
     8         9.305106e+00
     9         1.281435e-02
    10         2.546096e-02
    11         2.475954e-05
     1         2.705887e+02
     2         7.734485e+02
     3         3.792664e+01
     4         4.085973e+01
     5         3.975707e+00
     6         2.960691e+01
     7         2.828837e-01
     8         9.232732e+00
     9         1.261186e-02
    10         2.446888e-02
    11         2.386594e-05
     1         2.702779e+02
     2         7.587903e+02
     3         3.601480e+01
     4         4.041342e+01
     5         3.805064e+00
     6         2.911759e+01
     7         2.700519e-01
     8         8.942860e+00
     9         1.375371e-02
    10         2.349513e-02
    11         2.773786e-05
     1         2.699958e+02
     2         7.526343e+02
     3         3.550809e+01
     4         4.015367e+01
     5         3.749880e+00
     6         2.915222e+01
     7         2.635684e-01
     8         8.870603e+00
     9         1.355045e-02
    10         2.255519e-02
    11         2.669955e-05
     1         2.708708e+02
     2         7.697780e+02
     3         3.731289e+01
     4         4.077807e+01
     5         3.914513e+00
     6         2.947576e+01
     7         2.772791e-01
     8         9.089051e+00
     9         1.258679e-02
    10         2.348140e-02
    11         2.304650e-05
     1         2.705844e+02
     2         7.636046e+02
     3         3.679621e+01
     4         4.051415e+01
     5         3.858166e+00
     6         2.950467e+01
     7         2.706360e-01
     8         9.015535e+00
     9         1.238662e-02
    10         2.253548e-02
    11         2.218359e-05
     1         2.702766e+02
     2         7.490159e+02
     3         3.491766e+01
     4         4.008511e+01
     5         3.691254e+00
     6         2.902474e+01
     7         2.584063e-01
     8         8.735191e+00
     9         1.348346e-02
    10         2.166844e-02
    11         2.574016e-05
     1         2.699976e+02
     2         7.428811e+02
     3         3.441896e+01
     4         3.983215e+01
     5         3.636700e+00
     6         2.906450e+01
     7         2.520836e-01
     8         8.661587e+00
     9         1.328194e-02
    10         2.077248e-02
    11         2.474202e-05
     1         3.095301e+02
     2         1.151703e+03
     3         7.000803e+01
     4         5.746132e+01
     5         9.608812e+00
     6         1.642129e+01
     7         1.725470e+00
     8         5.520847e+00
     9         1.130110e-01
    10         1.224163e-01
    11         1.818743e-04
     1         3.091718e+02
     2         1.145204e+03
     3         6.921823e+01
     4         5.710358e+01
     5         9.612998e+00
     6         1.634801e+01
     7         1.741629e+00
     8         5.545620e+00
     9         1.156537e-01
    10         1.272931e-01
    11         1.937636e-04
     1         3.086979e+02
     2         1.136876e+03
     3         6.852086e+01
     4         5.772326e+01
     5         9.484418e+00
     6         1.618071e+01
     7         1.705846e+00
     8         5.545024e+00
     9         1.149413e-01
    10         1.331625e-01
    11         2.306359e-04
     1         3.083450e+02
     2         1.130298e+03
     3         6.771105e+01
     4         5.737254e+01
     5         9.484644e+00
     6         1.610928e+01
     7         1.720052e+00
     8         5.568348e+00
     9         1.174003e-01
    10         1.382493e-01
    11         2.444426e-04
     1         3.094313e+02
     2         1.140299e+03
     3         6.847818e+01
     4         5.686581e+01
     5         9.511497e+00
     6         1.644301e+01
     7         1.708149e+00
     8         5.577257e+00
     9         1.118162e-01
    10         1.250448e-01
    11         1.857359e-04
     1         3.090755e+02
     2         1.133869e+03
     3         6.771138e+01
     4         5.651102e+01
     5         9.519994e+00
     6         1.636765e+01
     7         1.725502e+00
     8         5.602015e+00
     9         1.145684e-01
    10         1.301191e-01
    11         1.981312e-04
     1         3.086035e+02
     2         1.125159e+03
     3         6.695194e+01
     4         5.711781e+01
     5         9.378147e+00
     6         1.620859e+01
     7         1.684942e+00
     8         5.602303e+00
     9         1.132673e-01
    10         1.356378e-01
    11         2.341269e-04
     1         3.082531e+02
     2         1.118646e+03
     3         6.616230e+01
     4         5.676912e+01
     5         9.382597e+00
     6         1.613485e+01
     7         1.700299e+00
     8         5.625460e+00
     9         1.158276e-01
    10         1.409188e-01
    11         2.484369e-04
     1         2.729519e+02
     2         8.922121e+02
     3         6.244928e+01
     4         5.113303e+01
     5         8.774399e+00
     6         2.967939e+01
     7         1.259498e+00
     8         2.810271e+01
     9         7.086881e-02
    10         1.797694e+00
    11         1.773236e-03
    12         6.919934e-05
     1         2.726255e+02
     2         8.850797e+02
     3         6.188917e+01
     4         5.067140e+01
     5         8.704197e+00
     6         2.948793e+01
     7         1.250829e+00
     8         2.796343e+01
     9         7.040857e-02
    10         1.794265e+00
    11         1.770143e-03
    12         6.971446e-05
     1         2.721954e+02
     2         8.686572e+02
     3         6.126368e+01
     4         5.051945e+01
     5         9.236687e+00
     6         2.676548e+01
     7         1.473543e+00
     8         2.614519e+01
     9         9.081305e-02
    10         2.425477e+00
    11         2.937885e-03
    12         2.576552e-04
     1         2.718751e+02
     2         8.615816e+02
     3         6.072196e+01
     4         5.007518e+01
     5         9.171715e+00
     6         2.657296e+01
     7         1.466432e+00
     8         2.601246e+01
     9         9.044402e-02
    10         2.431636e+00
    11         2.946213e-03
    12         2.634022e-04
     1         2.729037e+02
     2         8.806417e+02
     3         6.149917e+01
     4         5.037310e+01
     5         8.793681e+00
     6         2.873596e+01
     7         1.294213e+00
     8         2.735167e+01
     9         7.408403e-02
    10         1.903961e+00
    11         1.929442e-03
    12         9.058159e-05
     1         2.725804e+02
     2         8.735330e+02
     3         6.094517e+01
     4         4.991832e+01
     5         8.723933e+00
     6         2.854597e+01
     7         1.285477e+00
     8         2.721394e+01
     9         7.360781e-02
    10         1.901203e+00
    11         1.926722e-03
    12         9.138691e-05
     1         2.721521e+02
     2         8.573002e+02
     3         6.036933e+01
     4         4.981857e+01
     5         9.258376e+00
     6         2.592571e+01
     7         1.512547e+00
     8         2.539254e+01
     9         9.518781e-02
    10         2.554075e+00
    11         3.162694e-03
    12         3.330736e-04
     1         2.718349e+02
     2         8.502499e+02
     3         5.983401e+01
     4         4.938231e+01
     5         9.193675e+00
     6         2.573600e+01
     7         1.505337e+00
     8         2.526110e+01
     9         9.481029e-02
    10         2.561237e+00
    11         3.172220e-03
    12         3.408010e-04
     1         3.088548e+02
     2         1.199061e+03
     3         1.020379e+02
     4         5.784450e+01
     5         1.371492e+01
     6         2.603387e+01
     7         3.596952e+00
     8         2.052913e+01
     9         3.654933e-01
    10         2.555626e+00
    11         5.964182e-03
    12         4.673748e-04
     1         3.084853e+02
     2         1.191488e+03
     3         1.025415e+02
     4         5.732207e+01
     5         1.371537e+01
     6         2.562914e+01
     7         3.651752e+00
     8         2.014314e+01
     9         3.800877e-01
    10         2.583194e+00
    11         6.349805e-03
    12         5.275905e-04
     1         3.080206e+02
     2         1.174463e+03
     3         9.784693e+01
     4         5.703652e+01
     5         1.354047e+01
     6         2.489585e+01
     7         3.613369e+00
     8         1.929130e+01
     9         3.837941e-01
    10         2.449302e+00
    11         6.668459e-03
    12         5.014725e-04
     1         3.076564e+02
     2         1.166966e+03
     3         9.834091e+01
     4         5.652786e+01
     5         1.354257e+01
     6         2.450731e+01
     7         3.669228e+00
     8         1.892577e+01
     9         3.992379e-01
    10         2.475645e+00
    11         7.097045e-03
    12         5.664789e-04
     1         3.087658e+02
     2         1.186479e+03
     3         9.970086e+01
     4         5.713701e+01
     5         1.358768e+01
     6         2.548333e+01
     7         3.592397e+00
     8         1.987229e+01
     9         3.715125e-01
    10         2.473313e+00
    11         6.104846e-03
    12         4.634538e-04
     1         3.083990e+02
     2         1.178930e+03
     3         1.001946e+02
     4         5.661676e+01
     5         1.359039e+01
     6         2.507823e+01
     7         3.649037e+00
     8         1.948767e+01
     9         3.867931e-01
    10         2.499652e+00
    11         6.508234e-03
    12         5.240020e-04
     1         3.079357e+02
     2         1.161965e+03
     3         9.536940e+01
     4         5.635741e+01
     5         1.340188e+01
     6         2.439586e+01
     7         3.598667e+00
     8         1.870042e+01
     9         3.876850e-01
    10         2.363432e+00
    11         6.738755e-03
    12         4.876949e-04
     1         3.075741e+02
     2         1.154493e+03
     3         9.584608e+01
     4         5.585076e+01
     5         1.340656e+01
     6         2.400599e+01
     7         3.656517e+00
     8         1.833577e+01
     9         4.038086e-01
    10         2.388952e+00
    11         7.184324e-03
    12         5.522313e-04
     1         2.621403e+02
     2         5.605153e+02
     3         7.063744e+01
     4         3.831090e+01
     5         1.460005e+01
     6         1.328806e+01
     7         3.329907e+00
     8         1.277793e+01
     9         5.489959e-01
    10         7.279556e+00
    11         2.680868e-02
    12         1.754158e-01
    13         1.800856e-04
     1         2.619249e+02
     2         5.537528e+02
     3         7.066792e+01
     4         3.802406e+01
     5         1.653986e+01
     6         1.211268e+01
     7         3.930078e+00
     8         1.048216e+01
     9         8.474199e-01
    10         6.537397e+00
    11         5.627961e-02
    12         3.516608e-01
    13         4.683681e-04
     1         2.615688e+02
     2         8.387205e+02
     3         2.756096e+01
     4         4.948095e+01
     5         3.111896e+00
     6         5.671417e+01
     7         2.206317e-01
     8         4.821058e+01
     9         6.217948e-02
    10         3.121281e-01
    11         4.625034e-04
     1         2.613614e+02
     2         8.295803e+02
     3         2.714407e+01
     4         5.034493e+01
     5         3.037473e+00
     6         5.696027e+01
     7         2.142854e-01
     8         4.756621e+01
     9         6.126336e-02
    10         2.974437e-01
    11         4.416890e-04
     1         2.622024e+02
     2         5.490069e+02
     3         6.747813e+01
     4         3.741235e+01
     5         1.659013e+01
     6         1.153926e+01
     7         4.147222e+00
     8         9.500771e+00
     9         9.963418e-01
    10         5.948510e+00
    11         7.835414e-02
    12         4.286653e-01
    13         7.399847e-04
    14         2.091848e-05
     1         2.619901e+02
     2         5.422886e+02
     3         6.747247e+01
     4         3.712561e+01
     5         1.856994e+01
     6         1.059271e+01
     7         4.801193e+00
     8         7.772825e+00
     9         1.466468e+00
    10         4.706520e+00
    11         1.768383e-01
    12         5.954273e-01
    13         2.877656e-03
    14         2.483687e-04
     1         2.616380e+02
     2         8.000683e+02
     3         1.595406e+02
     4         3.776940e+01
     5         3.732802e+01
     6         7.646346e+00
     7         1.769821e+01
     8         1.603462e+00
     9         2.590973e+01
    10         1.061799e-01
    11         9.247036e+00
    12         1.117791e-02
    13         1.672434e-02
    14         1.940353e-05
     1         2.614338e+02
     2         7.908035e+02
     3         1.608046e+02
     4         3.762771e+01
     5         3.880826e+01
     6         7.467678e+00
     7         1.817216e+01
     8         1.491359e+00
     9         2.709342e+01
    10         9.557599e-02
    11         8.697430e+00
    12         1.044930e-02
    13         1.262211e-02
    14         1.470719e-05
     1         2.977115e+02
     2         8.280881e+02
     3         6.225706e+02
     4         5.858233e+01
     5         4.789198e+00
     6         4.220220e+01
     7         3.123416e-01
     8         1.777167e+01
     9         2.045259e-02
    10         6.346018e-02
    11         6.266808e-05
     1         2.974404e+02
     2         8.218234e+02
     3         6.257050e+02
     4         5.852669e+01
     5         4.752468e+00
     6         4.207180e+01
     7         3.091942e-01
     8         1.772478e+01
     9         2.041562e-02
    10         6.304912e-02
    11         6.271640e-05
     1         2.971527e+02
     2         8.068014e+02
     3         4.036991e+01
     4         4.293289e+01
     5         5.053869e+00
     6         3.144063e+01
     7         4.542357e-01
     8         1.438066e+01
     9         2.455686e-02
    10         1.017280e-01
    11         1.211298e-04
     1         2.968884e+02
     2         8.005785e+02
     3         3.983867e+01
     4         4.267161e+01
     5         4.988655e+00
     6         3.146279e+01
     7         4.442077e-01
     8         1.431018e+01
     9         2.420842e-02
    10         9.855387e-02
    11         1.175759e-04
     1         2.977158e+02
     2         8.179439e+02
     3         6.212130e+02
     4         5.810637e+01
     5         4.688649e+00
     6         4.205045e+01
     7         3.040570e-01
     8         1.759141e+01
     9         2.050336e-02
    10         6.133904e-02
    11         6.106599e-05
     1         2.974476e+02
     2         8.116978e+02
     3         4.124549e+01
     4         4.299082e+01
     5         5.113696e+00
     6         3.180878e+01
     7         4.570092e-01
     8         1.448065e+01
     9         2.254455e-02
    10         9.875979e-02
    11         9.851020e-05
     1         2.971626e+02
     2         7.967492e+02
     3         3.920582e+01
     4         4.259678e+01
     5         4.916413e+00
     6         3.139755e+01
     7         4.348348e-01
     8         1.414049e+01
     9         2.409294e-02
    10         9.477682e-02
    11         1.136979e-04
     1         2.969012e+02
     2         7.905460e+02
     3         3.868179e+01
     4         4.234104e+01
     5         4.851673e+00
     6         3.142527e+01
     7         4.250142e-01
     8         1.406860e+01
     9         2.375222e-02
    10         9.171212e-02
    11         1.102306e-04
